9,0,241,10;19,20,29,30,31,32;36,37,38,47,56,57,58,67,68;54,63,72,73,74;21,22,23,24,33;0,1,2,3,4,5,6,7,8,17,26,35,44,53,62,71,80,79,78,77,76,75,66,65,64,55,46,45;59,50,49;48,39,40,41,42,51,60;9,10,11,12,13,14,15;28,27,18;16,25,34,43,52,61,70,69
9,0,242,8;14,15,16;60,51,50,41,40,39,30,21,12,3,2,1;4,13,22,31,32,33,42,43,52,61,70,69,68,67,66,65,64,55,46,37,28,19,10,9,0;23,24,25,34;5,6,7,8,17,26,35,44,53,62,71,80,79,78,77;59,58,49,48;57,56,47,38,29,20,11;18,27,36,45,54,63,72,73,74,75,76
9,0,243,7;22,31,40;46,45,54,63,72,73,74,75,76,77,78,79,80,71,62,53,44,35,26,17,8,7,6,5,4,3,2,11,10,19,28,29,30,39,48,49;55,64,65,66,67,68,69,70,61;51,50,41,32,23,14,13,12,21,20;52,43,34,25,16,15;1,0,9,18,27,36,37,38,47,56,57,58,59,60;42,33,24
9,0,244,8;10,19,20,29,38,47,56,65,66,67;34,35,26,17,8,7,6,5,4,3,2,1,0,9,18,27,28,37,46,55,64;16,25,24,33;31,40,41,42,43,52,61,70,79,78;36,45,54,63,72,73,74,75,76,77,68,59,58,57,48,39,30,21,22,23,32;15,14,13,12,11;80,71,62,53,44;69,60,51,50,49
9,0,245,9;45,54,55,64,65,66;19,28,29,38,39,48,57,56;43,34,25,16,15,14,13,12;22,23,24,33,42;47,46,37,36,27,18,9,0,1,2,3,4,5,6,7,8,17,26,35,44,53,52,61,70,69,68,67,76;60,51,50,41,32,31,30,21,20,11,10;63,72,73,74,75;59,58,49,40;77,78,79,80,71,62
9,0,246,9;60,69,70,71,62,53,44,35,26,17;20,29,38,47,56,57,58,49;15,24,33,42,51;37,46,55,64,65,66;50,59,68,67,76,75,74,73,72,63,54,45,36,27,28,19,10,11,12,21,30,39,48;18,9,0,1,2,3,4,13,22,31,40,41;80,79,78,77;61,52,43,34,25,16,7,8;32,23,14,5,6
9,0,247,9;10,11,20,29;32,31,40,39,38,37;35,26,17,8,7,6,5,4,3,2,1,0,9,18,19,28;63,72,73,74,65,56,57,58,59,60;27,36,45,46,47,48,49,50,51,52,61,70,69,68,67,66,75;22,23,24,33,42,41;54,55,64;13,12,21,30;76,77,78,79,80,71,62,53,44,43,34,25,16,15,14
9,0,248,8;16,25,26,35,44,53,52,61,60,59,50,49,40,31,22,13,4;48,39,30,21,20;5,14,23,32,41,42,51;3,2,1,0,9,18,27,36,45,54,63,72,73,74,75,76,77,78,79,80,71,62;58,57,56,47,38,29,28,19,10,11,12;37,46,55,64;17,8,7,6,15,24,33,34,43;65,66,67,68,69,70
9,0,249,10;70,69,60;24,33,32,41,40,49,58,57;42,43,34,25,16,15,14,23;73,64,55,46,45,36,27,18,9,0;28,19,10,11;53,44,35,26,17,8,7,6,5,4,13,22,31,30,39,48,47,56,65,66,67,68;1,2,3,12,21,20,29,38,37;59,50,51,52,61,62,71;80,79,78,77,76,75,74;72,63,54
9,0,250,8;13,14,23,32,41;15,16,25;28,27,36,45,54,63,72,73,74,75,76,77,78,69,70,61,52,43,34,35,26,17,8,7,6,5,4,3,2,1;40,31,22,21,12,11,10,9,0;79,80,71,62,53,44;56,47,48,39,30;24,33,42,51,50,49,58,57,66,65,64,55,46,37,38,29,20,19,18;67,68,59,60
9,0,251,7;6,7,8,17;37,46,55,64,65,66,67,68,69,70,61;0,9,18,27,36,45,54,63,72,73,74,75,76,77,78,79,80,71,62,53,52,51;60,59,58,57,56,47,38,29,28,19,10,1,2,3,4,5,14,23,32,33,34;16,15,24;40,31,22,13,12;25,26,35,44,43,42,41,50,49,48,39,30,21,20,11
9,0,252,7;43,42,41,40,39,38,37,46,55,64;5,4,3,2,1,0,9,18,27,36,45,54,63,72,73,74,75,76,77,78;79,70,69,68,67,66,65,56,47,48,49,50,51,52,53,44,35,34,33,32,31,30,29,20,11,12;26,17,8,7,6,15,14,13,22,21;57,58,59,60,61,62,71,80;16,25,24,23;28,19,10
9,0,253,9;58,59,60,69;32,23,22,21,20,29,38,39,48,49,50,51,52,61,70;30,31,40,41,42,43,44,53,62,71,80,79;14,13,12,11,10,19,28,37,46,47,56,57,66,67,68;16,25,26;7,8,17;73,72,63;78,77,76,75,74,65,64,55,54;45,36,27,18,9,0,1,2,3,4,5,6,15,24,33,34,35
9,0,254,9;17,8,7,6,5,4,3,2,1;69,70,61,52,51,42,41,40,39,38,29,20,11,12,13,14,15,16,25,26,35,44;60,59,50;22,23,24,33,34,43;18,27,36,45,54,55,64,65,66,67,68;56,57,58,49;53,62,71,80,79,78,77,76,75,74,73,72,63;32,31,30,21;48,47,46,37,28,19,10,9,0
9,0,255,10;73,72,63,54,45,36,37,38,29,20,11,12,13,14,5;80,71,62,53,44,43;22,21,30,39,48,47,46,55,64;18,9,0,1,2,3,4;66,67,68;69,60,59,50,41;27,28,19,10;8,7,6,15,24,23,32,31,40,49,58,57,56,65,74,75,76,77,78,79,70,61,52,51,42;17,16,25;33,34,35,26
9,0,256,9;80,79,78;51,50,49,48,57,66,75,74,73,64,55,46,37,28,19,10,11,12,13,14,5,6;30,31,40;29,20,21,22,23,32,41;39,38,47,56,65;77,68,69,70,71,62,53,44,35,26,17,8;4,3,2,1,0,9,18,27,36,45,54,63,72;15,24,33,42;76,67,58,59,60,61,52,43,34,25,16,7
9,0,257,9;80,71,62,53,44,35,26,17,8,7;0,1,10,19,28,37,46,55,64;24,23,22,31,30,39,48;32,41,40,49,58,57,56,47;21,12,13,14;50,59,68,67;65,66,75,76,77,78,79,70,61,52,43,34,25,16,15,6,5,4,3,2,11,20,29,38;74,73,72,63,54,45,36,27,18,9;33,42,51,60,69
9,0,258,7;64,55,56,47,38,29,30,31,32,33,42,51,52,61,62,71,80,79,78;49,58,67,76,75;60,59,50,41,40,39,48,57,66,65,74,73,72,63,54,45,36,27,18,9,0,1,2,3,4,5,6,7,8,17,26,35;14,13,12,11,10;53,44,43,34,25,16,15;70,69,68,77;24,23,22,21,20,19,28,37,46
9,0,259,8;75,76,77,78,79,70,61,52,43,34,33,32;46,55,64,73,74;72,63,54,45,36,27,18,9,0,1,2,3,4,5,6,7,8,17,26,25,24,23,22,31,40,41,50,59;49,58,67,68,69,60,51,42;65,66,57,48,39,30,29,20,11,10;80,71,62,53,44,35;16,15,14,13,12,21;56,47,38,37,28,19
9,0,260,9;9,18,19,20,21,22,31,40,41,50,51,60,61,70;38,47,56,57,58,59,68,69;0,1,10;32,23,24,25,34;49,48,39,30,29,28,27,36,45,54,63,72,73,74,75;12,13,14;8,7,6,5,4,3,2,11;15,16,17,26,35,44,53,62,71,80,79,78,77,76,67,66,65,64,55,46,37;33,42,43,52
9,0,261,8;72,63,54,45,36,37,38,39,30,31,32,41,42,51,60,69,78,77;18,27,28,29,20,21,22,23,24,33,34,43,52,61,70,79,80;66,65,64,55,46,47;56,57,48,49,40;71,62,53,44,35,26,17,8,7,6,5,4,3,2,1,0,9;19,10,11,12,13,14,15,16,25;50,59,68;58,67,76,75,74,73
9,0,262,9;1,2,3,4,13;20,19,18,27;46,47,48;5,6,7,8,17,26,35,44,43,52,61,70,69,68,67,66,65;14,15,16,25,34,33,42,51,60,59,58,57,56,55,64;38,39,40,49;53,62,71,80,79,78,77,76,75,74,73,72,63,54,45,36,37,28,29,30,21,12,11,10,9,0;22,23,24;50,41,32,31
9,0,263,9;48,47,56;19,20,21,22,23,24;51,52,61,62,71,80,79,78,77;59,68,67,76,75,74,73,72,63,54,45,36;70,69,60;10,11,12,13,14,15,16,25,34;33,32,31,30,29,28,27,18,9,0,1,2,3,4,5,6,7,8,17,26,35;50,49,58,57,66,65,64;55,46,37,38,39,40,41,42,43,44,53
9,0,264,8;70,69,60;21,20,29,38,47,46;64,55,56,57,48,39,30,31,32,33,42;27,18,9,0,1,2,3,4,5,14,15,16,17,26,35,44,53,52;6,7,8;51,50,59,68,77,76,75,74,73,72,63,54,45,36,37,28,19,10,11,12,13,22,23,24,25,34,43;61,62,71,80,79,78;65,66,67,58,49,40,41
9,0,265,10;17,16,25,24,23;43,34,33,32,31,22,21,20;60,59,50,49,48,47,46;29,38,37;68,69,70,61;18,9,0,1,2,3,4,5;44,35,26;65,66,75;74,73,64,55,56,57,58,67,76,77,78,79,80,71,62,53,52,51,42,41,40,39,30;8,7,6,15,14,13,12,11,10,19,28,27,36,45,54,63,72
9,0,266,9;5,14,23,22,31,30;77,76,75,74,73,64,55,56;46,37,28,19,10,11;70,61,52,43,34,25,16;72,63,54,45,36,27,18,9,0,1,2,3,4;42,51,60,69,78,79,80,71,62,53,44,35,26,17;68,67,58,49,40,39;65,66,57,48,47,38,29,20,21,12,13;8,7,6,15,24,33,32,41,50,59
9,0,267,10;10,19,20,29,30,39;67,66,65,64,63,54;12,3,4,5;72,73,74,75,76,77,68,69,70,61,52,43,42;28,37,38,47,48,49,40,31;59,58,57,56,55,46,45,36,27,18,9,0,1,2,11;78,79,80,71,62,53,44;60,51,50,41,32,33,34,35,26,17,8,7,6,15,14;13,22,21;23,24,25,16
9,0,268,7;40,41,42,33;14,13,22,21,20,29,38,47,56,57,58,67,68;59,50,49,48,39,30,31,32,23,24,15,16,7,8;12,11,10,19,28,37,46,55,64,65,66;70,69,60,51,52,43,34,25,26,17;53,44,35;6,5,4,3,2,1,0,9,18,27,36,45,54,63,72,73,74,75,76,77,78,79,80,71,62,61
9,0,269,10;56,57,58,59;22,23,32,41,42,43,52,61,70;20,21,30,39,48;78,79,80,71,62,53,44,35,34;60,69,68,77;16,15,14,13,12,11,10,19;2,1,0,9,18,27,28,29,38,47,46,55,64,65,66,67;51,50,49,40,31;33,24,25,26,17,8,7,6,5,4,3;76,75,74,73,72,63,54,45,36,37
9,0,270,9;10,11,12,13,14,15,16,25,34,43,52;80,71,70,69,68,59,50,41,32;56,57,48;79,78,77,76,75;18,9,0,1,2,3,4,5,6,7,8,17,26,35,44,53,62,61,60;73,64,55,46,47,38,29,28,27;19,20,21,30,39,40,49,58,67,66,65,74;72,63,54,45,36,37;51,42,33,24,23,22,31
9,0,271,9;56,47,48,49,58,59,60,51,42,43;65,64,55,46,45,36,27,18,9,10;0,1,2,3,4,5,6;29,30,21,22,23,24,25,26,17;54,63,72,73,74,75,76,77,78,69,70,61,52;79,80,71,62,53,44,35,34,33,32,41,50;37,28,19,20,11,12,13,14,15,16,7,8;57,66,67,68;31,40,39,38
9,0,272,10;50,49,58,67,76,75,74,73,72,63,54,45,36,27,18,9,0,1,2;11,20,21,30,31,32,33,24;15,6,7,8,17;12,13,22;77,78,79,80,71,62,53,44,35,26;68,59,60,51,42;29,38,47,56;41,40,39,48,57,66,65,64,55,46,37,28,19,10;23,14,5,4,3;69,70,61,52,43,34,25,16
9,0,273,10;73,74,75,66,57,56;21,12,11,10;37,38,39,40,41,50,59,68,69,70,61,52,43,34,25,16;32,33,42,51,60;13,4,3,2;65,64,63,72;45,36,27,28;5,14,23,22,31,30,29,20,19,18,9,0,1;24,15,6,7,8;54,55,46,47,48,49,58,67,76,77,78,79,80,71,62,53,44,35,26,17
9,0,274,7;28,29,20,11,10,9,0;60,59,58,57,56,47,38,39,30,21,12,3,2,1;15,14,23,22,31,40,49,48;45,54,63,72,73,74,75,76,77,78,79,80,71,62,53,44,43,42;13,4,5,6,7,8,17,26,35,34;50,41,32,33,24,25,16;51,52,61,70,69,68,67,66,65,64,55,46,37,36,27,18,19
9,0,275,7;40,39,38,37,36,27,18,9,0;20,11,12,13,14,23;65,66,67,68,69,70,61,52,43,34,25,16;22,21,30,29,28,19;10,1,2,3,4,5,6,15,24,33,42,51,60,59,58,57,56,55,64,73;31,32,41,50,49,48,47,46,45,54,63,72;74,75,76,77,78,79,80,71,62,53,44,35,26,17,8,7
9,0,276,9;19,28,37,38,47,56,65,66,67,68,69,70,61,52,51,50,41,32,23,14;15,24,33,42;8,7,16,25,34,43,44,53,62,71,80,79,78,77,76,75,74,73,64,55,46;72,63,54,45,36,27,18,9,0,1,2;40,31,22,13,4,5,6;10,11,20,29;49,58,59,60;35,26,17;3,12,21,30,39,48,57
9,0,277,10;39,30,21,20,19,28;62,53,44,35,26,17,8;79,78,69,60,51,50,41,32;80,71,70,61,52,43,34;42,33,24,15,14;23,22,31,40,49,48,47,56;67,66,65,64,55,46,37,38,29;25,16,7,6,5,4;11,10,9,18,27,36,45,54,63,72,73,74,75,76,77,68,59,58,57;13,12,3,2,1,0
9,0,278,10;11,10,19,28,37,46,55,64;40,31,22;26,17,8,7,6,5,4;43,52,61;73,72,63,54,45,36,27,18,9,0,1,2,3,12;20,29,38,47,56,65,74,75,76,77,78,79,80,71,62,53,44,35,34,25,16,15,14,13;66,67,68;41,32,23;24,33,42,51,50,49;21,30,39,48,57,58,59,60,69,70
9,0,279,8;40,41,42,33,24,23;56,47,48,39,30,31,32;18,9,0,1,2,3,4,5,6,7,8,17,26,25,34,43,52,61,70,69,68,59;57,58,49,50,51,60;76,67,66,65,64,55,46,37,38,29,20;22,21,12,11,10,19,28,27,36,45,54,63,72,73,74,75;13,14,15,16;77,78,79,80,71,62,53,44,35
9,0,280,10;7,16,25,34,43,44;39,30,21,12,13,14,23,32,41,50,59,68,69,70;58,67,66,65;79,78,77,76,75,74,73,64,55,56,57,48,49,40,31,22;53,52,51,42,33,24,15,6;46,37,28,19,10;3,4,5;60,61,62,71,80;47,38,29,20,11,2,1,0,9,18,27,36,45,54,63,72;8,17,26,35
9,0,281,9;60,51,42,33,34,35,26,17,8,7,6,5,4,3,2,1,10,19,28,37,36;44,53,62,71,80,79,78,77,76,75,74;25,16,15,14,13,22,21,30,39,48;49,40,31,32,23,24;27,18,9,0;73,64,65,66,67,68,69,70,61,52,43;55,46,47,38,29,20,11,12;72,63,54,45;56,57,58,59,50,41
9,0,282,8;53,62,71,80,79,78,77,76,75;40,49,50,51,60;20,21,30,39,48,57,58,59,68,69,70,61,52;33,24,23,14,13,12,11,10,19,28;29,38,37,46;67,66,65,74,73,72,63,54,45,36,27,18,9,0,1,2,3,4,5,6,15,16,25,34;22,31,32,41,42,43,44,35,26,17,8,7;47,56,55,64
9,0,283,8;16,25,24,23,32,31,40,49,58,57;63,64,65,66,67,68;30,39,48;80,79,70,61,52,51,42,33,34,35,26,17,8,7,6,5,4,3,2,1,0,9,18,27;22,21,20,29,38,47,46;71,62,53,44,43;41,50,59,60,69,78,77,76,75,74,73,72;56,55,54,45,36,37,28,19,10,11,12,13,14,15
9,0,284,7;20,11,12,13,14,15,16;32,33,34,35,44,53,62,71,80,79,78,77,76,75,74,73,72,63,54,45,36,27,18;60,59,58,57,56,47;0,1,2,3,4,5,6,7,8,17,26,25;38,37,46,55,64,65,66,67,68,69,70,61,52,43,42,41,40,31,22,23,24;51,50,49,48,39,30,21;29,28,19,10,9
9,0,285,9;40,39,38,47,56,65,66;4,13,14,23,24,25,16,7;33,34,43,52,61,70,69,68;77,78,79,80,71,62,53,44,35,26,17,8;5,6,15;22,21,12,3,2,1,0;10,19,28,37,46,55,64,73,74,75,76,67,58,59,60,51,42;9,18,27,36,45,54,63,72;57,48,49,50,41,32,31,30,29,20,11
9,0,286,9;17,8,7,6,5,4,3;48,57,58,59;72,63,54,45,36,27,18;77,68,67,66,65,56,47,38,39,40,49,50,51,60,61,62,71,80,79;0,9,10,19,20,21,22,23,24,33,34,35,44,53;70,69,78;46,37,28,29,30,31,32,41,42,43,52;1,2,11,12,13,14,15,16,25,26;76,75,74,73,64,55
9,0,287,8;27,28,19,20,21,22,23,24,33,42,43,52,61,70,69,68,67,66,65,64;18,9,0,1,2,3,4,5,6,7,8,17,26,35,44;50,41,40,39,48,47,46,45;32,31,30;29,38,37,36;53,62,71,80,79,78,77,76,75,74,73,72,63,54,55,56,57;49,58,59,60,51;10,11,12,13,14,15,16,25,34
9,0,288,9;29,30,31,40;8,7,6,5,4,3,2,1,0,9,18,19,20,21,22,23,24,25,26,35,44,53,52,61,70,69,68,67,66,75,74,73,72;34,43,42,51,60,59,58,57,56,65;33,32,41,50;36,45,54,63;10,11,12,13,14,15,16,17;62,71,80,79,78,77,76;49,48,47,46,55,64;39,38,37,28,27
9,0,289,7;8,7,6,5,4,3,2,1,0,9,18,27,36,45,54,63,72,73,74,75,76,77,78,79;50,59,60;70,69,68,67,66,65,64,55,46,37,28,19,10,11,12,21;33,42,51;48,39,40,41,32,23,24,25,34,43,52,61,62,71,80;20,29,38,47,56,57,58,49;53,44,35,26,17,16,15,14,13,22,31,30
9,0,290,10;60,59,68,67;24,33,32,41,40,39,38,37,46,45,54,63,72,73,74,75,76,77,78,69;10,11,20;48,47,56,55,64;35,44,43,42,51,50,49,58,57,66,65;36,27,28,29,30,31,22,23,14,15,16;21,12,3,2,1,0,9,18,19;53,62,71,80,79;13,4,5,6,7,8,17,26,25,34;52,61,70
9,0,291,10;80,71,70,69;28,37,38,39,48,57,66,65,64,63,54;15,24,33,42;55,56,47;10,19,20,29,30,31,40,49,58,67,76,75,74,73,72;79,78,77,68,59,60,61,62,53,44,35,26,17,8;18,27,36,45,46;11,12,21,22,23,32,41,50,51;13,4,3,2,1,0,9;52,43,34,25,16,7,6,5,14
9,0,292,8;22,23,32,41,40,49,48,57,56,65,64,63,72;31,30,39;45,36,27,18,9,0,1,2,3,4,5,6,7,8,17,26,35;50,59,60;73,74,75,66;54,55,46,37,28,19,10,11;47,38,29,20,21,12,13,14,15,24,33,42,51,52,61,70,69,68;58,67,76,77,78,79,80,71,62,53,44,43,34,25,16
9,0,293,9;32,23,14,13,12,11,10;16,15,24,33;25,34,43,52,61,70,69,68,67,66,57;31,40,41,50;1,2,3,4,5,6,7,8,17,26,35;37,46,55,64,73,72;44,53,62,71,80,79,78,77,76,75,74,65,56,47,38,29,20,19,18,9,0;28,27,36,45,54,63;42,51,60,59,58,49,48,39,30,21,22
9,0,294,8;55,54,45,36,27;7,16,25,34,43,52,61,70,69,68,67,66;14,13,4,3,2,1,0;63,72,73,74,75,76,77,78,79,80,71,62,53,44,35,26,17,8;9,10,11,12,21,30;64,65,56,57,58,59,60,51,42;20,29,38,39,40,31,22,23;5,6,15,24,33,32,41,50,49,48,47,46,37,28,19,18
9,0,295,8;50,41,32,31,22,21,20,11;5,4,3,2,1,0,9,18,27,36,45;23,24,15;33,42,51,60,59,58,49,40,39;30,29,38,47,56,65,64;10,19,28,37,46,55,54,63,72,73,74,75,76,77,78,79,80,71,62,53,44,35,26,17,8;12,13,14;48,57,66,67,68,69,70,61,52,43,34,25,16,7,6
9,0,296,7;80,79,78,77,76,75,74,65,56,47,38,29,30,31,32;35,44,53,52,51,50;20,21,22,23,24,33,42,41,40,39,48,57,66,67,68,69,70;73,72,63,54,45,36,27,18,9,0,1,2,3,4,5,6,7,8;71,62,61,60,59,58,49;26,17,16,15,14,13,12,11,10,19,28,37,46,55,64;25,34,43
9,0,297,8;66,67,68,69,70,61,62,53;16,25,34;63,54,45,36,37,38,39,40,31;42,33,24,15,6,7,8;0,9,18,27,28,29,30,21,22,23,32,41,50,49,48,47,46,55,64,73,72;5,14,13,12,11,20,19;71,80,79,78,77,76,75,74,65,56,57,58,59,60,51,52,43,44,35,26,17;4,3,2,1,10
9,0,298,7;32,23,22,21,20;54,55,64;8,7,6,5,4,3,2,1,0,9,18,27,36,37,38,39,48,57;25,24,33,42,41,50,59,68,77,76,75,74,73,72,63;44,53,62,61,70;45,46,47,56,65;66,67,58,49,40,31,30,29,28,19,10,11,12,13,14,15,16,17,26,35,34,43,52,51,60,69,78,79,80,71
9,0,299,8;14,23,24,33;56,57,66,75;40,39,30,21,12,3,2,1,10,19,28,37,46,55,64,65,74;70,69,68,59,50;5,6,15,16,25,34,43,52,61;60,51,42,41,32,31,22,13,4;7,8,17,26,35,44,53,62,71,80,79,78,77,76,67,58,49,48,47,38,29,20,11;73,72,63,54,45,36,27,18,9,0
9,0,300,7;18,9,0;11,12,13,14,15,16,25,34,43,52,61,70,69;75,76,67,58,49,40,39,38,37,46,55;3,4,5,6,7,8,17,26,35,44,53,62,71,80,79,78,77,68,59,50,41,32,31,30,29,28,27,36,45,54,63,72,73,74;47,56,65,64;60,51,42,33,24,23,22,21,20,19,10,1,2;66,57,48
9,0,1,9;40,31,30,29,28,19,10;39,38,37;12,13,14,15,16,25;56,57,58,59,60,51,42,43,44,35,26,17,8,7,6,5,4,3,2,1,0,9,18,27,36,45;24,23,22;21,20,11;34,33,32,41,50,49,48,47,46;64,65,66,67,68,69,70,61,52;55,54,63,72,73,74,75,76,77,78,79,80,71,62,53
9,0,2,8;65,56,47,38,29,30;39,48,57,66,75;34,25,16,15,6,5,4,3,2,1,0;74,73,72,63,54,45,36,37,28,19,20,21,22,31,40,49;46,55,64;43,52,61,70,69,68;32,41,50;27,18,9,10,11,12,13,14,23,24,33,42,51,60,59,58,67,76,77,78,79,80,71,62,53,44,35,26,17,8,7
9,0,3,7;32,41,50;7,8,17,26,35,44;40,31,22,21,20,19,10;33,24,23,14,13,12,11;18,9,0,1,2,3,4,5,6,15,16,25,34,43,42,51,60,59,58,57,56,47,38;49,48,39,30,29,28,37,46,55,64,65,66,67,68,69,70,61,52,53;62,71,80,79,78,77,76,75,74,73,72,63,54,45,36,27
9,0,4,7;35,26,25,24,23,32,41,40;17,16,15,14,13,22,31;80,79,70,61,52,43,44;34,33,42,51,60,69,78,77,76,75,74,73,72,63,54,45,36,27,18,9,0;1,10,19,28,37,46,55,64,65,66,67,68,59,50,49,48,39,30,21,12;8,7,6,5,4,3,2,11,20,29,38,47,56,57,58;71,62,53
9,0,5,8;48,57,66,67,68,69,70;0,1,2,11,20,29,30;16,25,34,43,42,51,60,59;33,24,15,14,13;9,10,19,28,37,46,55,64;61,52,53,44,35,26,17,8,7,6,5,4,3,12,21,22,31,40,39,38,47,56,65;62,71,80,79,78,77,76,75,74,73,72,63,54,45,36,27,18;58,49,50,41,32,23
9,0,6,10;70,69,60,51,42;76,75,74,73,72;58,49,50,41,32;13,12,11,10;63,64,65,56,47,38,29,30,31;40,39,48,57,66,67;33,24,23,22,21,20,19,28,37,46,55,54;59,68,77,78;61,52,43,34,25,16,15,14;79,80,71,62,53,44,35,26,17,8,7,6,5,4,3,2,1,0,9,18,27,36,45
9,0,7,10;28,29,20,11;19,10,1,2,3,12,13,22,31,40,49,58;25,34,43,52;72,63,54,45,36,27,18,9,0;60,69,78,77,76,75,74,73,64,55,46,37,38;57,48,39,30,21;71,62,53,44,35,26,17,8,7,6;80,79,70,61;16,15,24,33,42,51;47,56,65,66,67,68,59,50,41,32,23,14,5,4
9,0,8,8;61,52,43;67,66,65,64,55,46,37,28,29,30,31,22,13,12,11,10,9;0,1,2,3,4,5,6,7,8,17;60,51,50,49,48,57,56;26,25,24,23,32;21,20,19,18,27,36,45,54,63,72,73,74,75,76,77,78,79,80;16,15,14;58,59,68,69,70,71,62,53,44,35,34,33,42,41,40,39,38,47
9,0,9,8;67,68,69,70,61;41,32,23,14,15,16;0,9,18,27,36,45,54,63,72,73,74,75,76,77,78,79,80,71,62,53,44,35;60,59,58,57,66,65,64,55,46,37,28,19,10;30,21,12,3;25,34,43,52,51,50,49,48,47,56;24,33,42;1,2,11,20,29,38,39,40,31,22,13,4,5,6,7,8,17,26
9,0,10,7;20,21,22,23,32,41,50,59,60;55,56,47,38,37,36,27,18,9,0,1,2,3,4,5,6,7,8,17,26,35,44,53,62;80,79,78,69;39,48,57,66,65,64;71,70,61,52,43,34,25,16,15,14,13,12,11,10,19,28,29,30,31,40,49,58,67,68;46,45,54,63,72,73,74,75,76,77;51,42,33,24
9,0,11,9;59,50,41,32,31,22,21,12,11;77,68,67,66,65;38,47,48;0,9,18,19,20,29,30,39;70,61,52,43,34,25,16,15,14,13;10,1,2,3,4,5,6,7,8,17,26,35,44,53,62,71,80,79,78,69,60,51,42,33,24,23;40,49,58,57,56,55,64,73,74,75,76;72,63,54,45,36;27,28,37,46
9,0,12,8;57,48,49,50,51,42,33,24,23,14,5,6,7,8,17,26,35,44,53,62,71,80,79,78,77,76,75,74,73,72,63,54,45,36,27,18,9,0,1;2,11,12,21;28,37,46,55,64,65,66,67,58;22,13,4,3;10,19,20,29,30,31,32,41;40,39,38,47,56;68,69,70;59,60,61,52,43,34,25,16,15
9,0,13,8;49,48,57,66,75;64,55,46,37,28,19,10,11,12,13,14,15,16;31,32,33,34,43,52;20,21,22,23,24,25;70,61,60,51,42,41;69,68,59,50;38,47,56,65,74,73,72,63,54,45,36,27,18,9,0,1,2,3,4,5,6,7,8,17,26,35,44,53,62,71,80,79,78,77,76,67,58;29,30,39,40
9,0,14,9;41,40,39,38,37,36,27,18,9,0,1,2,3,12;57,66,67,68,69,70,61,52;58,59,60;56,65,74,75,76,77,78,79,80,71,62,53,44;63,54,45,46,47,48,49,50,51,42,43,34,35,26,17,8,7,6,5,4,13;72,73,64,55;24,33,32,31;10,11,20,21,22,23,14,15,16,25;30,29,28,19
9,0,15,7;56,57,58,59,68,69,70,61,52;23,14,15,16,25,34,43,42,51,60;27,36,37,46,47,48,49,50,41,32,33,24;3,12,21,30;45,54,55,64,65,66,67,76,77,78,79,80,71,62,53,44,35,26,17,8,7,6,5,4,13,22,31,40,39,38,29,20,11,2,1,0,9,18;75,74,73,72,63;28,19,10
9,0,16,9;61,62,53,44,35,26,17,8,7,6,5,4,3;18,27,28,29;51,60,59,58,57,56;24,23,22,13,12,11,2,1,0,9;33,32,31,40,49,48,47,46,55,64,65,66,67;34,25,16,15,14;70,69,68,77,76,75,74,73,72,63,54,45,36,37,38,39,30,21,20,19,10;78,79,80,71;52,43,42,41,50
9,0,17,6;57,48,49,40,41,42,43,34,25,16;32,33,24,15,14,5,4,3,2,1,0,9;56,47,38,39,30,31;6,7,8,17,26,35,44,53,52,51,50,59,58,67,66,65,64,55,46,37,28,29,20,21,22,23;78,79,70;80,71,62,61,60,69,68,77,76,75,74,73,72,63,54,45,36,27,18,19,10,11,12,13
9,0,18,9;65,56,47,38,29,20,21,22,23,14,15;40,49,58,67,68,69;64,55,46,37,28,19,10,11,12,13;41,42,43,34,25,16,7,6,5,4,3,2,1,0,9,18,27,36,45,54,63,72,73,74,75,76,77,78;79,70,61,60,59;8,17,26,35,44,53,62,71,80;50,51,52;39,48,57,66;30,31,32,33,24
9,0,19,9;69,60,59,58,57,48,39,30;7,8,17,26,35,34,33,32,41;15,6,5,4,3,2,1,0,9,18,27,36,45,54,63,72,73,74,75,76,77,78,79,70,61,52;42,51,50,49,40,31;46,55,64,65,66,67,68;80,71,62,53,44,43;12,11,10,19,28,37;13,14,23,24,25,16;22,21,20,29,38,47,56
9,0,20,9;22,13,14,5;33,42,41,50,49,58,67,66,65,64,55,46,37,28;10,11,12,21,30,39,48,57;56,47,38,29,20,19,18,9,0,1,2,3,4;59,68,77,76,75,74,73,72,63,54,45,36,27;16,25,34,43,44,53,62;80,79,78,69,60,51;40,31,32,23,24,15,6,7,8,17,26,35;52,61,70,71
9,0,21,7;41,42,43,52,61;51,60,69,70,71,62,53,44;6,5,4,3,2,1,0,9,18,27,36,45,54,63,72,73,74,75,66,57,56,47,38,29,20,21,22,23,24,25,16;80,79,78,77,68,59,50,49,40;76,67,58;15,14,13,12,11,10,19,28,37,46,55,64,65;48,39,30,31,32,33,34,35,26,17,8,7
9,0,22,9;53,44,35,34,25,24;43,52,61,62,71,80,79,78,77,76,75,74,73,72,63,54,45,36,37,38,47;65,64,55,46;56,57,66,67,68,59,50,41,32,23,14,15,16,17,26;58,49,48,39,30,29,28,27,18,9,0,1,2,3,4;70,69,60,51,42,33;19,10,11,12,13;5,6,7,8;40,31,22,21,20
9,0,23,9;61,52,51,50,49,40,31,30;24,33,34,43,44,53,62,71,80,79;36,45,54,63,72;58,57,48,39,38,29,20,21,22;13,12,11,10,19;17,8,7,6,5,4,3,2,1,0,9,18,27,28,37,46,55,64,73,74,75,76,77,78,69,70;15,16,25,26,35;42,41,32,23,14;60,59,68,67,66,65,56,47
9,0,24,8;70,61,60,59,50,41,32,31,30,21;12,3,4,5,6,7,8,17,26,35,44,53;10,19,28,37,46,55,64,65,66,57,48,39;22,23,24,33,42,51,52;2,1,0,9,18,27,36,45,54,63,72,73,74,75,76,77,78,79,80,71,62;69,68,67,58,49,40;11,20,29,38,47,56;43,34,25,16,15,14,13
9,0,25,8;60,51,52,53,44,35,26,17,16,15,14;62,71,80,79,78,77,76,75,74,73,64,55,46,37,28,19,10,1;57,48,49,40,31,32,33,34,25;61,70,69,68,67,66,65,56,47,38,29,20,11,2;43,42,41,50,59,58;0,9,18,27,36,45,54,63,72;39,30,21,12,3,4,5,6,7,8;24,23,22,13
9,0,26,9;13,12,11,10,19;4,3,2,1,0,9,18,27,28,29,30,31,32;67,76,75,74,73,72;20,21,22,23,14,5,6,7,8,17,26,35,44,53,62,61,60;69,70,71;25,34,43,52,51;36,45,54,63,64,65,66;16,15,24,33,42,41,50,49,48,47;80,79,78,77,68,59,58,57,56,55,46,37,38,39,40
9,0,27,8;72,73,64,55,56,47,48;74,75,76,67;16,15,14,13,12,11,10,9,18,27,36,45,54,63;35,44,53,62,71,80,79,78,77;39,40,49,58,59,68,69,70,61,52,43,34,25,26,17,8,7,6,5,4,3,2,1,0;60,51,50,41,32,31,30,29,38,37,46;28,19,20,21,22,23,24,33,42;57,66,65
9,0,28,7;64,55,46,47;74,73,72,63,54,45,36,27,18,9,10,11,12,13,14,15,16,25,34,43,52,61,70;75,66,65,56;0,1,2,3,4,5,6,7,8,17,26,35,44,53,62,71,80,79,78,69,60,51,42,33,24,23,22,21,20,19,28;37,38,29,30,31,32,41,50,49;76,67,58,57,48,39,40;59,68,77
9,0,29,8;43,44,53,62,71,80,79,78,77,76,75,74,65,64,55,46,47,48,49,50;66,67,68,69,70,61,52;41,32,31,30,29,28,37;56,57,58,59,60,51,42,33,24,25;13,12,11,10,9;0,1,2,3,4,5,6,7,8,17,26,35,34;16,15,14,23,22,21,20,19,18,27,36,45,54,63,72,73;40,39,38
9,0,30,9;6,5,4,3,12,21;37,46,55,64,73,74,75,76,67,58,57,48,39,40,41,32,23,24,25,26,17,8;72,63,54,45,36,27,28,19,10;62,53,44,35,34,33,42,51,60;70,61,52,43;7,16,15,14,13,22,31,30;69,68,59,50,49;18,9,0,1,2,11,20,29,38,47,56,65,66;71,80,79,78,77
