5,0,1,5;18,17,12;21,16,11,6;3,4,9;0,1,2,7,8,13,14,19,24,23,22;20,15,10,5
5,0,2,4;24,19,18,17;12,13,14,9,4,3,2,1,0;8,7,6,5,10,15,20;11,16,21,22,23
5,0,3,4;21,20,15,10,5,0,1,2,7;8,13,12,17,22,23,24;16,11,6;3,4,9,14,19,18
5,0,4,4;9,4,3,2,1,0,5,10,11,12;18,17,16,15,20;6,7,8,13,14,19,24;23,22,21
5,0,5,5;24,19,14;13,18,23,22,21;20,15,16,17,12,7,8,9;6,11,10;4,3,2,1,0,5
5,0,6,5;23,18,13,12,7,2,1,0,5;10,15,20,21,22;6,11,16,17;8,3,4;24,19,14,9
5,0,7,5;12,11,6;2,3,4,9,14,19,18,17,16;24,23,22,21;7,8,13;20,15,10,5,0,1
5,0,8,4;6,11,12;7,8,13,18,17;23,22,21,20;16,15,10,5,0,1,2,3,4,9,14,19,24
5,0,9,4;21,22,17,18,13,8;6,5,10,15,20;7,12,11,16;23,24,19,14,9,4,3,2,1,0
5,0,10,5;24,19,18,13,12,7,6,1;0,5,10,11,16,17;14,9,8;23,22,21,20,15;2,3,4
5,0,11,5;9,14,19,24;23,18,13,12,7,2;16,11,6;8,3,4;1,0,5,10,15,20,21,22,17
5,0,12,3;15,20,21,22,23,24,19,14,9,4,3,2,1,0;12,7,6;5,10,11,16,17,18,13,8
5,0,13,4;8,3,2;13,12,7,6,1,0;15,20,21,22,23,24;5,10,11,16,17,18,19,14,9,4
5,0,14,4;16,11,12,13;6,7,8,9,14,19,24;23,18,17;22,21,20,15,10,5,0,1,2,3,4
5,0,15,4;24,23,22,21,20,15,10,5,0,1,2,7,8;3,4,9;14,19,18,17,16;13,12,11,6
5,0,16,3;8,7,6,11,16,17,22,23,24,19;18,13,12;14,9,4,3,2,1,0,5,10,15,20,21
5,0,17,5;24,19,18,17,16,11,10;5,0,1,2,3,4;12,13,14,9;23,22,21,20,15;6,7,8
5,0,18,4;7,6,11,16,21;4,3,8,13,12,17,22,23,24;20,15,10,5,0,1,2;18,19,14,9
5,0,19,4;4,3,8,13,18,17;10,15,20;6,5,0;9,14,19,24,23,22,21,16,11,12,7,2,1
5,0,20,5;11,12,7;8,9,14,19,24,23,22,21;6,5,10,15,20;4,3,2,1,0;16,17,18,13
5,0,21,4;14,9,4,3;0,1,2,7,12,11;16,17,18,13,8;6,5,10,15,20,21,22,23,24,19
5,0,22,4;16,17,18,13,14,9,4,3;8,7,12,11;6,5,10,15,20,21,22,23,24,19;2,1,0
5,0,23,6;8,7,6;2,1,0,5;10,15,20,21;18,13,12,11;9,4,3;16,17,22,23,24,19,14
5,0,24,5;24,19,14,9;11,12,13,18;21,20,15,10,5,6,7,8,3,4;16,17,22,23;0,1,2
5,0,25,4;19,18,17,16;5,0,1,2,3;6,7,8;4,9,14,13,12,11,10,15,20,21,22,23,24
5,0,26,6;4,3,2;0,1,6,11,12,17;7,8,9;5,10,15,20;16,21,22,23,18;24,19,14,13
5,0,27,5;0,5,6;10,15,20,21;12,11,16;22,23,24,19,14,9,4,3;1,2,7,8,13,18,17
5,0,28,4;8,7,12;13,14,19,24;23,18,17,16,11,6;22,21,20,15,10,5,0,1,2,3,4,9
5,0,29,6;4,9,8;16,15,10,5,0;17,12,11,6,1;24,19,14,13;3,2,7;18,23,22,21,20
5,0,30,5;22,17,18,13,14,9,4,3,2,1,0;20,15,10,5,6;8,7,12;11,16,21;23,24,19
5,0,31,4;20,15,16,17,18,13,8,3,2;21,22,23,24,19,14,9,4;1,0,5,10,11;12,7,6
5,0,32,4;6,1,0;11,12,7,2;8,13,18,17,16,15,10,5;3,4,9,14,19,24,23,22,21,20
5,0,33,5;13,14,19;6,1,2,3,4;24,23,18,17,16,15,10,5,0;11,12,7,8,9;22,21,20
5,0,34,4;18,17,16,11,10,5,0,1,2,3,4,9;15,20,21,22,23,24,19;14,13,12;6,7,8
5,0,35,5;24,19,14,13;4,3,2,1,0,5,10;6,11,16;9,8,7,12,17,18,23;15,20,21,22
5,0,36,5;8,13,18,23;15,10,5,0,1;24,19,14,9,4,3;16,11,6;2,7,12,17,22,21,20
5,0,37,6;12,7,6,5,0;3,2,1;16,17,18,13;11,10,15,20,21,22,23;8,9,4;24,19,14
5,0,38,4;23,18,13,12,7,2,3,4;0,5,10,15,20,21,22;1,6,11,16,17;24,19,14,9,8
5,0,39,4;0,1,6;16,17,18,13,8;15,20,21,22,23,24,19,14,9,4;3,2,7,12,11,10,5
5,0,40,4;0,1,2,3,8,13,18,17;4,9,14,19,24,23;20,15,10,5,6,7;22,21,16,11,12
5,0,41,5;20,21,22,23,24;7,8,13,18;3,4,9,14,19;17,16,15,10,5,0;12,11,6,1,2
5,0,42,5;16,17,18;5,0,1,2,7;9,14,19,24,23,22,21,20,15,10;13,12,11,6;8,3,4
5,0,43,3;14,13,12;9,4,3,2,1,0,5,10,15,20,21,22,23,24,19;18,17,16,11,6,7,8
5,0,44,5;4,9,8,7,12,11,16;10,5,0;14,19,24,23;6,1,2,3;13,18,17,22,21,20,15
5,0,45,4;16,17,12,13,14,19;22,21,20,15,10,5,0,1,2,3,4;18,23,24;9,8,7,6,11
5,0,46,4;12,11,10,5,0,1,2,3;18,13,8,7,6;20,15,16,17;21,22,23,24,19,14,9,4
5,0,47,6;4,9,14;24,19,18,13,8,3;0,1,6,11,16;2,7,12,17;23,22,21,20;15,10,5
5,0,48,5;4,9,8,13,18;15,20,21;6,7,12,17,22,23,24,19,14;16,11,10,5;3,2,1,0
5,0,49,5;24,23,18,17,12,11,6;13,8,7,2,1,0;16,15,10,5;3,4,9,14,19;22,21,20
5,0,50,4;16,17,18,19;24,23,22,21,20,15,10,11,12,13,14;8,7,6,5,0;9,4,3,2,1
5,0,51,4;4,9,14,19,18,17,12,7;6,11,16,21,22,23,24;13,8,3,2;1,0,5,10,15,20
5,0,52,5;24,19,18,13,8,3,2;11,10,5;4,9,14;15,16,17,12,7,6,1,0;23,22,21,20
5,0,53,6;19,18,17,12;24,23,22,21,16,11,6;20,15,10,5;9,14,13;8,3,4;7,2,1,0
5,0,54,5;6,11,12,13,8;24,23,18,17,16;19,14,9,4,3,2,7;22,21,20,15,10;5,0,1
5,0,55,4;8,7,6,5,10,15,16,17,18,23;11,12,13;0,1,2,3,4,9,14,19,24;22,21,20
5,0,56,5;10,5,0,1,2,3;19,14,9,4;8,7,6,11,16,15;20,21,22,17;12,13,18,23,24
5,0,57,4;17,16,11,10,5,0,1,2,3,8;15,20,21,22,23,18;24,19,14,9,4;13,12,7,6
5,0,58,5;11,16,17,18,13,8;9,4,3,2,1,0,5;12,7,6;23,24,19,14;10,15,20,21,22
5,0,59,5;4,3,2,1,0,5,10,11;19,14,13,12;22,21,20,15;6,7,8,9;16,17,18,23,24
5,0,60,5;12,17,16;5,0,1,2,3,8,13,18;4,9,14,19,24;23,22,21;20,15,10,11,6,7
5,0,1,5;0,5,10,15,20,21;2,1,6,11,16;7,12,17,22;4,3,8,13,18;9,14,19,24,23
5,0,2,4;17,22,21,20;12,11,16;24,23,18,13,8,7,6,5,10,15;19,14,9,4,3,2,1,0
5,0,3,5;8,13,12;3,4,9,14,19,24,23;20,21,16,11,6,7,2;15,10,5,0,1;18,17,22
5,0,4,4;3,2,1,0,5;4,9,8,7,6,11,10,15,20;21,16,17,18;22,23,24,19,14,13,12
5,0,5,4;3,2,1,0,5,10,15,20,21,22;4,9,8;19,14,13,12,7;6,11,16,17,18,23,24
5,0,6,4;19,18,17,12,7,8,3;4,9,14,13;2,1,6,11,16;0,5,10,15,20,21,22,23,24
5,0,7,4;18,17,16;12,11,6,5;0,1,2,7,8,13;3,4,9,14,19,24,23,22,21,20,15,10
5,0,8,5;16,11,6,1,2,3;19,24,23,22;0,5,10,15,20,21;12,7,8;17,18,13,14,9,4
5,0,9,4;22,23,24,19,14,9,4,3;8,13,18,17,16,21;7,2,1,0,5,10,15,20;6,11,12
5,0,10,4;11,6,7,8;5,0,1,2,3,4,9,14,19,24;12,17,16,15,10;20,21,22,23,18,13
5,0,11,4;24,19,14,9,4,3,2;12,17,16,15,20;0,5,10,11;21,22,23,18,13,8,7,6,1
5,0,12,5;3,2,1,0,5,10;4,9,8;16,11,6,7;24,23,18;15,20,21,22,17,12,13,14,19
5,0,13,5;10,15,20,21,22,23;18,17,16,11,6,5,0;13,14,19,24;3,2,1;12,7,8,9,4
5,0,14,5;24,23,18;2,1,0,5,10;19,14,9,4;3,8,7,6,11,16,15,20;21,22,17,12,13
5,0,15,4;20,15,10;7,8,13,18,17,16,21;12,11,6,5,0;1,2,3,4,9,14,19,24,23,22
5,0,16,4;17,18,19;8,7,6;10,15,20,21,22,23,24;5,0,1,2,3,4,9,14,13,12,11,16
5,0,17,4;0,1,2,3,4;7,12,11,16;8,13,18,17,22,21,20,15,10,5,6;9,14,19,24,23
5,0,18,4;20,15,10,5,0,1,2,3,4,9,14,13,18,17;19,24,23,22;12,7,8;21,16,11,6
5,0,19,4;5,0,1,2,3,4,9,14,19,24,23,22;15,10,11,12,13;6,7,8;18,17,16,21,20
5,0,20,4;17,16,11,6,1,0;12,7,2;4,9,14,19,24,23,22,21,20,15,10,5;3,8,13,18
5,0,21,5;7,8,13,18;6,11,12,17,22;20,21,16;9,4,3,2,1,0,5,10,15;23,24,19,14
5,0,22,5;10,5,0,1;24,23,22,21;12,13,8;20,15,16,11;6,7,2,3,4,9,14,19,18,17
5,0,23,4;10,15,20,21,22,17,18;8,7,6;5,0,1,2,3,4,9,14,13,12,11,16;23,24,19
5,0,24,4;0,1,2,3,4;21,20,15,10,5,6,7,8,9,14;24,23,22,17,16,11;12,13,18,19
5,0,25,5;4,3,2,1;0,5,6,7,8,9,14;18,17,16,21,20;19,24,23,22;15,10,11,12,13
5,0,26,4;6,7,8;24,23,22,17;15,10,5,0,1,2,3,4,9,14;20,21,16,11,12,13,18,19
5,0,27,4;6,7,8,3,4;24,23,22,21,20,15,10,5,0,1,2;13,12,11;9,14,19,18,17,16
5,0,28,5;6,7,8;18,17,22,21;23,24,19,14,13,12,11,16;20,15,10;5,0,1,2,3,4,9
5,0,29,5;6,7,8;0,1,2,3,4,9,14;18,17,16,15;19,24,23,22,21,20;5,10,11,12,13
5,0,30,4;11,16,21;20,15,10,5,6,7,12;17,18,13,8,3,2,1,0;22,23,24,19,14,9,4
