8,0,1,8;37,38,39,31,23,15,7,6,5;0,8,9,10,11;1,2,3,4,12,13;46,47,55,63,62,61,60,59,58,57,56,48,40,32,24,25;16,17,18,26,34;14,22,30,29,28,36,44,45,53,54;21,20,19,27,35,43,42,41,33;49,50,51,52
8,0,2,8;7,15,14;18,19,20,28,29,30,31;53,54,46,38,37,36,35,27,26;23,22,21,13,12,11,10,9,17,25,33,41,49,57,56;6,5,4,3,2,1,0,8,16,24,32,40,48;59,58,50,42,34;45,44,43;39,47,55,63,62,61,60,52,51
8,0,3,8;16,24,32,40,48,56,57,58,59,60,61;2,1,0;19,11,3,4,5,6,7,15,23,31,30,38,46,54;20,12,13,14;44,43,42,34,26,18,10,9,8;27,28,29,21,22;35,36,37,45,53,52,51,50,49,41,33,25,17;39,47,55,63,62
8,0,4,7;45,46,47,39,31;49,41,33;7,6,5,4,3,11,10,9,17,25,24,32,40,48,56,57,58,59,60,61,62;63,55,54,53,52,51,50,42,34,26,18,19,20,12,13,14;16,8,0,1,2;44,36,37,38,30,22,23,15;43,35,27,28,29,21
8,0,5,8;35,34,26,25;8,0,1,2,3,4;16,24,32,40,48,56,57,58,59,60,61,62,63,55,47,39,31,23,15,7,6,5;20,21,29,30,38,46,54;33,41,49,50,51,52;53,45,37,36,28,27,19,18,17;42,43,44;22,14,13,12,11,10,9
8,0,6,8;38,37,36,35;42,41,49;9,17,18,19,20,21,29,30,31,39,47,55,63,62,61,60,59;54,53,52,51,50,58,57,56,48,40,32;10,11,12,13,14,22;46,45,44,43;28,27,26,34;33,25,24,16,8,0,1,2,3,4,5,6,7,15,23
8,0,7,7;53,45,46,38,30,29,21,20,19,18,26,25;17,9,10,11,12,13,14,22;43,51,59,60,61,62,63;37,36,44,52;42,50,58,57,56,48,40,32,24,16,8,0,1,2,3,4,5,6;49,41,33,34,35,27,28;7,15,23,31,39,47,55,54
8,0,8,5;35,36,44,52,53,54,55,63;39,47,46,45,37,29,28,27;38,30,31,23,15,7,6,5,4,3,2,1,0,8,16,24,32,40,48,56,57,58,59,60,61,62;22,21,20,19,18,26,34,42,43;51,50,49,41,33,25,17,9,10,11,12,13,14
8,0,9,6;21,29,37,45,53;39,31,23,15,7,6,5,4,3,2,1,0,8,16,24,32,40,48,56,57,58,59,60;25,17,9,10,11,12,13,14,22,30,38,46,54,62,61;47,55,63;36,44,52,51,50,49,41,33,34,26,18,19,20;42,43,35,27,28
8,0,10,7;8,9,17,25,26,27,28,20,12,11,3;56,57,58,59,60,61,62,63,55,47,39,31,23,15,7,6,5,4;41,33,34,35,36,37,29,21,13;51,52,53,54;49,50,42,43,44,45,46,38,30,22,14;48,40,32,24,16;0,1,2,10,18,19
8,0,11,7;29,28,27,35;55,47,39,31,23,15,7,6,5,4,3,2,1,0,8,16,24,32,40,48,56,57;51,43,42,34,26,18,19,20,21;22,14,13,12,11,10,9,17,25,33,41,49,50,58,59;54,62,63;30,38,37,36,44,52,60;61,53,45,46
8,0,12,8;31,23,22,21,20;35,27,19,11,12,13,14;15,7,6,5,4,3,2,1,0,8,16,24,32,40,48,56,57;47,55,54,53,52,51;43,44,36,28,29,30,38,39;63,62,61,60,59,58,50,49,41,33,25,17,9,10;46,45,37;42,34,26,18
8,0,13,7;63,55,47,39,31,23,15,7,6,5,13,21,29,37,45,53,52;9,10,11,19,27,35;14,22,30,38,46,54,62,61,60,59,51;43,44,36,28,20,12,4,3,2;17,18,26,34,42,50,58,57,56;49,41,33,25;48,40,32,24,16,8,0,1
8,0,14,7;9,10,11,12,13,14,22;24,16,17,18,19,20,21;36,28,29,30,31,39,47,55,63,62,61,60,59,58,57,56,48,40,32,33;34,42,41;38,37,45,44,43,35,27,26,25;23,15,7,6,5,4,3,2,1,0,8;46,54,53,52,51,50,49
8,0,15,8;41,42,43,51,52,53,61,62;19,20,21,29,37,45,46,54;48,40,32,24,16,8,0;56,57,49;44,36,35,34,33,25,17,9,1;28,27,26,18,10,2,3,4,5,6,7,15,23,31,39,47,55,63;50,58,59,60;11,12,13,14,22,30,38
8,0,16,7;7,15,23,31,39,47,55,63;14,6,5,4;36,44,43,42;13,12,20,28,29,37,45,53,52,51,50,49,41,33,34,35;27,19,11,3,2,1,0,8,16,17;26,18,10,9;21,22,30,38,46,54,62,61,60,59,58,57,56,48,40,32,24,25
8,0,17,9;57,56,48;49,50,58,59,60,61,62,63,55,47,39,38,37,45,44;36,35,34,33,25,17;46,54,53,52,51,43,42,41,40,32,24,16;31,30,29,21;12,13,14,22,23;0,1,2;8,9,10,18,26,27,28,20;19,11,3,4,5,6,7,15
8,0,18,8;50,42,34,26;9,10,11,12,20;7,6,5;59,51,43,35,36,37,45,53,61,62,63,55,47,39,31,23;49,41,33,25,17,18,19,27,28,29,21,13,14,15;22,30,38,46,54;60,52,44;58,57,56,48,40,32,24,16,8,0,1,2,3,4
8,0,19,6;3,2,1,0,8,16,24,32,40,48,56,57,58,59,60;54,46,45,44,43,42,41,33,25,17,9;10,18,26,34,35,36,37,38;6,5,4,12,11,19,27,28,29,30,22,23;7,15,14,13,21,20;49,50,51,52,53,61,62,63,55,47,39,31
8,0,20,7;63,62,61,60,59;42,34,26,27,28;43,35,36,37,29,21,20,19;9,17,25,33,41,49,48,56;18,10,11,3,4,5,6,7,15,23,31,39,47,55,54,53,52,51,50,58,57;44,45,46,38,30,22,14,13,12;40,32,24,16,8,0,1,2
8,0,21,6;21,13,5,4,3,11;6,7,15,23,31,39,47,55,63,62,61,60,52,51,50,49,41,33,25,17,9,10;14,22,30,29,28;2,1,0,8,16,24,32,40,48,56,57,58,59;53,54,46,38,37,36,35,27,19,20,12;18,26,34,42,43,44,45
8,0,22,6;32,33,34,35,27,19,11,3,4,5,6,7,15,23,31,30,38,46,54;39,47,55,63,62,61,60,59,58,57,56,48,40;2,10,18,26,25,24,16,8,0;1,9,17;21,29,37,45,53,52,51,50,49;41,42,43,44,36,28,20,12,13,14,22
8,0,23,7;36,37,38,30;7,6,5,13,21,29,28,27,35,43,44,52,53;18,26,34,42;15,14,22;45,46,54;23,31,39,47,55,63,62,61,60,59,51,50,49,41,33,25,17,9,10,11;19,20,12,4,3,2,1,0,8,16,24,32,40,48,56,57,58
8,0,24,7;63,62,61,60,59,58,57,56,48;15,23,31,39,47,46,45,44,43,42,34,33,32,24,16,8,9,10,11,12,4;17,18,19,20,28,29;0,1,2,3;14,6,7;5,13,21,22,30,38,37,36,35,27,26,25;40,41,49,50,51,52,53,54,55
8,0,25,7;1,2,3,11,12,13,14,15,23,31,39,47,55,63,62,61,60,59,58;10,9,8,0;26,25,33,41,42,43;34,35,36,44;20,21,22,30,38,46,54,53,52,51,50,49,57,56;48,40,32,24,16,17,18,19,27,28,29,37,45;4,5,6,7
8,0,26,8;9,17,25,26,27,19;62,54,46,38,30,22,14,13,12,11;48,56,57,58,59,60;40,41,49,50;1,0,8,16,24,32,33,34,42,43,51,52,53,61;21,29,37,45,44;20,28,36,35;63,55,47,39,31,23,15,7,6,5,4,3,2,10,18
8,0,27,7;44,43,35,34,26,18,19,20,21,29;56,57,58,59,60,61;42,41,33,25,17,9,10,11,12,13,14,22;39,47,55,63,62;45,37,38,30,31,23,15,7,6,5,4,3,2,1,0,8,16,24,32,40,48,49,50,51,52;53,54,46;36,28,27
8,0,28,8;51,59,58,57,56,48,40;55,47,39,38,30,22,14,6,5,4,3,2,1,0,8,16,24,25,26,27,35,36;41,49,50;32,33,34,42,43,44,52,60;53,61,62,63;7,15,23,31;28,20,19,18,17;54,46,45,37,29,21,13,12,11,10,9
8,0,29,7;50,58,59,60,61,62,63,55,47,46,38,30,22,14;45,37,29,21,13;0,8,16,24,25,26;10,11,12,20,28,36,44;54,53,52,51,43;49,41,42,34,35,27,19,18,17,9,1,2,3,4,5,6,7,15,23,31,39;57,56,48,40,32,33
8,0,30,6;8,0,1,2,3,4,5,6,7,15,23,31,39,47,55,63,62,61;50,51,43,44,45,37,29,28,27,26,25,33;40,32,24,16,17,9,10,11,12,13;56,57,58,59,60,52,53,54,46,38,30;36,35,34,42,41,49,48;18,19,20,21,22,14
8,0,1,9;10,9,8,16,24,32,40,48,56,57,58,59,60,52,44,43;26,34,42,50,51;18,17,25,33,41,49;4,5,6,7,15,23,31,39,47,55;28,20,21,22,30,38,46,54;0,1,2,3;12,13,14;29,37,45,53,61,62,63;36,35,27,19,11
8,0,2,8;36,44,45,46;22,21,13,12,11,19,27;35,43,51,50,49,48,40,32,24,16,8,0,1;30,31,23,15,7;42,34,26,18,10,2,3,4,5,6,14;20,28,29,37,38,39,47,55,54,53,52;63,62,61,60,59,58,57,56;41,33,25,17,9
8,0,3,6;7,15,23,22,21,13,12,11,19,27,35,43,42;39,31,30,29;37,38,46,47,55,63,62,61,60,59,58,57,56,48,40,32,24,16,8,0;1,9,17,25,33,41,49,50,51,52,44,36,28,20;14,6,5,4,3,2,10,18,26,34;45,53,54
8,0,4,6;63,62,61,60,59,51,43,35,27,19,20;11,12,13,21,29,28,36,44,52,53,54;14,22,30,38,39,47,55;31,23,15,7,6,5,4,3,2,1,0,8,16,24,32,40,48,56,57,58,50,42,34,26,18;37,45,46;49,41,33,25,17,9,10
8,0,5,6;46,38,30,22,21,20,19,18,26,25,33,41,49,50;44,36,35,34;59,58,57,56,48,40,32,24,16,8,0,1,2,3,4,5,6,14;13,12,11,10,9,17;7,15,23,31,39,47,55,54,53,45,37,29,28,27;42,43,51,52,60,61,62,63
8,0,6,7;8,9,10,18;29,37,45,53,52,51,50,49,41,33,32,24,16;14,22,21,20,19,27,35;28,36,44,43,42,34,26,25,17;13,12,11;40,48,56,57,58,59,60,61,62,54,46,38,30;0,1,2,3,4,5,6,7,15,23,31,39,47,55,63
8,0,7,8;11,19,27,26,25,24,32,40,48,56,57,58,59,51;47,46,54,53,52,60;6,7,15,23,31,39;21,29,28,36,35,34,33,41;55,63,62,61;0,8,16,17,18,10;9,1,2,3,4,12,20;5,13,14,22,30,38,37,45,44,43,42,50,49
8,0,8,7;38,46,54,53,52,51,50,49,41,33,32,24,16,8,0,1,2,10,18;9,17,25,26,27,35,36,37;40,48,56,57,58,59,60,61,62,63,55,47,39,31,23,15,14;34,42,43,44,45;3,11,19,20,28,29;7,6,5,4,12;30,22,21,13
8,0,9,7;54,55,47,39;10,2,3;38,46,45,44,43,42,34,33,32,40,48,56,57,58,59,60,61,62,63;14,22,30,29,37,36,35;53,52,51,50,49,41;31,23,15,7,6,5,13,21,20,28,27,26,25,24,16,8;0,1,9,17,18,19,11,12,4
8,0,10,8;49,41,33,25,17,9,8,0;1,2,10,18,26,27,35,43,44;34,42,50,51,52,53,54;46,45,37,29,21,13,14,15;7,6,5,4,3,11,19;36,28,20,12;23,22,30,38;31,39,47,55,63,62,61,60,59,58,57,56,48,40,32,24,16
8,0,11,8;40,32,24,16,17,18,19,27;26,34,35,36,37,29,30,22,23,15,7,6,5,4,12,11,10,9;38,46,54,53,52;56,57,58,50,42,43,44,45;48,49,41,33,25;51,59,60,61,62,63,55,47,39,31;3,2,1,0,8;28,20,21,13,14
8,0,12,7;22,14,13,12;42,34,26,27,19;2,1,9,17,25,33,41,49,50,51,43,35,36,28,20,21;47,55,63,62,61,60,59,58,57,56,48,40,32,24,16,8,0;23,15,7,6,5,4,3,11,10,18;38,46,54,53;39,31,30,29,37,45,44,52
8,0,13,7;10,9,17,16;47,39,31,23,15,7,6,5,4,3,2,1,0,8;22,14,13,12,11,19,18,26,25,24,32,40,48,56,57,58,59,60,61,62,63,55;45,44,43,42,50;36,37,29,30;49,41,33,34,35,27,28,20,21;38,46,54,53,52,51
8,0,14,6;12,20,19,27,35,34,42,50,51,52,53,54,46;6,5,4,3,2,1,0,8,16,24,32,40,48,56,57,58,59,60,61,62,63,55,47,39,31,23;7,15,14,13,21,29,28,36,44,43;49,41,33,25,26,18;11,10,9,17;45,37,38,30,22
8,0,15,6;8,9,10,11,12,20,28,27,26,25;19,18,17,16;40,48,56,57,58,59,60,61,62,63,55,47,39,31,23,15;45,44,43,42,41,49;7,6,14,22,30,38,46,54,53,52,51,50;0,1,2,3,4,5,13,21,29,37,36,35,34,33,32,24
8,0,16,6;57,56,48,40,32,24,16,8,0,1,2;13,14,22,30,38,46,54,53,52,51,43,35,34,26,18,10,9;19,27,28,36;17,25,33,41,42;4,5,6,7,15,23,31,39,47,55,63,62,61,60,59,58,50,49;44,45,37,29,21,20,12,11,3
8,0,17,7;15,14,22,21,20;58,59,60,61,62,63,55,47,39,31,23;7,6,5,4,3,2,10;13,12,11,19,18;0,1,9,17,25,26,27,28,29,30,38,46,54,53,52,51,50,49,57,56;44,43,42,41,40,48;8,16,24,32,33,34,35,36,37,45
8,0,18,6;57,56,48,40,32,24,16,8,0,1,2,3,4,5,6,7,15,23,31,39,47,55,63,62,61,60;10,18,19,27,28;59,58,50,49,41,33;11,12,13,14,22,30,38,46,54,53,52,51,43,42;36,35,34,26,25,17,9;20,21,29,37,45,44
8,0,19,6;39,31,23,15,7,6,5,4;3,11,12,13,14,22;28,20,21;9,17,25,26,34,42,43,44,45;37,36,35,27,19,18,10,2,1,0,8,16,24,32,33,41,49,50,51,52,53,54;40,48,56,57,58,59,60,61,62,63,55,47,46,38,30,29
8,0,20,8;35,27,26,25,33,41,49,57,58,59,60,61,62,63;7,6,5,4,3;34,42,50,51,52,53,54,55,47,39,31,23,15,14,13,12,20,28,36;0,1,2;21,29,37;43,44,45,46,38,30,22;19,18,17;56,48,40,32,24,16,8,9,10,11
8,0,21,7;9,17,18,19,20,28;36,35,27,26,25,24,16,8,0,1,2,10,11,12,13;30,38,46,54,53,52,51,43,42,34,33,32,40,48,56,57,58;3,4,5,6;41,49,50;59,60,61,62,63,55,47,39,31,23;7,15,14,22,21,29,37,45,44
8,0,22,9;41,42,34,35,36,37,29,21;1,0,8,16,24,32,40,48,49,50,51,43,44,45,46;19,11,3,4;54,53,52;5,6,7,15,23;18,26,27,28,20,12;13,14,22,30,38;56,57,58,59,60,61,62,63,55,47,39,31;2,10,9,17,25,33
8,0,23,6;7,15,23,31,39,47,55,63,62,61,60;58,50,42;12,13,21,29,37,45,44,43;27,26,25,24,32,40,48,56,57;18,17,16,8,0,1,2,3,4,5,6,14,22,30,38,46,54,53,52,51,59;49,41,33,34,35,36,28,20,19,11,10,9
8,0,24,7;48,40,32,24,25;16,8,0,1,2,3,4,5,6,7,15,23,31,39,47,55,63,62,61;17,18,19,20,21,29,37,45;59,51,43,35;60,52,44,36,28,27,26,34,42,50,58;9,10,11,12,13,14,22,30,38,46,54,53;56,57,49,41,33
8,0,25,7;27,28,20,12,13;5,4,3,2,1,0,8,16,24,32,40,48,56;7,15,23,31,30,38,46,45,44;39,47,55,63,62,61,60,59,58,57,49,41,33,25,17,9,10;54,53,52,51,43,35,36;6,14,22,21,29,37;50,42,34,26,18,19,11
8,0,26,8;62,61,60,59,58,57,56;33,41,42;53,54,55,63;45,46,47,39,31,23,22,21,20,19,18,17,9;7,6,5,4,3,2,1,0,8,16,24,25,26,34,35,43;32,40,48,49,50,51,52,44,36,37;15,14,13,12,11,10;27,28,29,30,38
8,0,27,8;7,15,23,31,39;20,19,27,35,43,42,41,40,48;54,53,45,37,38,30,22,14,6,5,4,3,2,1,0,8,16,24,32;11,12,13,21,29,28,36,44,52,51;33,25,17;46,47,55,63,62,61,60,59,58,50;49,57,56;34,26,18,10,9
8,0,28,8;56,48,40,32,24,16,8,0,1,2;7,6,5,4,3,11,10,9,17,25,33,41,49,57,58,59,60,61,62;18,26,34;50,42,43,35,27,19,20,12,13,14,15,23,31,39,47,46;36,28,29,21,22;63,55,54,53;30,38,37;45,44,52,51
8,0,29,8;54,53,52;42,34,35,27,28,20,12,11,10,9;19,18,26;50,58,57,56,48,40,32,24;5,6,7,15,23,31,39,47,55,63,62,61,60,59,51;14,22,30,38,46,45,44,43;49,41,33,25,17,16,8,0,1,2,3,4;36,37,29,21,13
8,0,30,6;26,25,33,41,49,50,58,59,60,61,62,63;13,21,29,37,36,35,34;27,19,18,17,9,1,2,3,4,5,6,14,22,30,38,46,45,44;7,15,23,31,39,47,55,54,53,52,51,43,42;0,8,16,24,32,40,48,56,57;28,20,12,11,10
8,0,31,8;44,45,37,29,21;9,17,25,33,41,49,50;28,20,19,11;10,18,26,27;32,40,48,56,57,58,59,60,61,62,63,55,47,39,31,23,15,7,6,5,4,12;36,35,34,42;3,2,1,0,8,16,24;43,51,52,53,54,46,38,30,22,14,13
8,0,32,7;9,10,18,26,34,42,50,49,48;17,25,33,41;15,14,13,12,11,19,27,35,43,51,52;56,57,58,59,60,61,53,45,44,36,28,29,30;7,6,5,4,3,2,1,0,8,16,24,32,40;62,54,46,38,37;63,55,47,39,31,23,22,21,20
8,0,33,8;28,27,19,18;55,47,39,31,30,29,21,20;54,53,52,51,50,49;3,4,5,6,7,15,23,22;63,62,61,60,59,58,57,56,48,40,32,24,16,8,0,1,2;10,9,17,25,26,34,35,36,37,38,46;14,13,12,11;33,41,42,43,44,45
8,0,34,7;48,40,32,24,16,8,0,1,2,3,4,5,6,7,15,23,31,39,47;56,57,49,50,51;20,21,22,14;26,27,28,29,30,38,46,54,55,63;41,42,43,44,52,60,59,58;13,12,11,19,18;62,61,53,45,37,36,35,34,33,25,17,9,10
8,0,35,8;3,2,1,0,8,16,24,32,40,48,56,57,58,59,60,61,62,54,46,38,39,31;9,10,11,12,4,5,6,7;15,14,13,21;17,18,19,20,28,36;23,22,30,29,37,45,53,52;49,41,33,25,26,27,35,43,44;34,42,50,51;63,55,47
8,0,36,6;31,39,47,55;3,2,1,0,8,16,24,32,40,48,56,57,58,59,60,61,53,45;37,36,44,52,51,50,49;6,14,13,21,20,19,18,26,34;22,23,15,7;63,62,54,46,38,30,29,28,27,35,43,42,41,33,25,17,9,10,11,12,4,5
8,0,37,8;36,28,20,21,13,14;41,33,25,26;16,8,0,1,2,3,4,5,6,7,15,23,22,30,29,37,45,44,43,51;31,39,47,55,63,62,61;49,48,40,32,24;17,9,10,11,12;38,46,54,53,52,60,59,58,57,56;50,42,34,35,27,19,18
8,0,38,7;33,32,40;0,8,16,24,25,26,34,42,41;22,30,38,46,54,62;10,11,12,20,28,36,37,45,53,61,60,59,58,57,56,48;49,50,51;63,55,47,39,31,23,15,14,13,21,29;52,44,43,35,27,19,18,17,9,1,2,3,4,5,6,7
8,0,39,8;37,29,21;18,19,11,3,4,5,6,7,15,23,31,39,47,46,45;9,17,25,33,41,49,50,51,43,44;59,58,57,56,48,40,32,24,16,8,0,1,2,10;26,27,28,20,12,13,14,22,30,38;36,35,34,42;55,54,53,52;63,62,61,60
8,0,40,7;14,13,12,20,28,27,26,25,33;48,56,57,58,59,60,61,62,63;49,50,51,52,53,54,55,47,39;17,9,8,0;43,44,45,46,38,30,31,23,15,7,6,5,4,3,11;16,24,32,40,41,42,34,35,36,37,29,21,22;19,18,10,2,1
8,0,41,7;41,33,25,17,18,10,11,12,13,14,22,30,31,39,47,55,63,62;45,44,43,42,34,26,27,19,20,21;37,38,46,54,53,61,60,59,58,57,56;29,28,36,35;9,1,2,3,4;52,51,50,49,48,40,32,24,16,8,0;23,15,7,6,5
8,0,42,8;7,15,23,22,21,20;16,17,9;56,48,40,32,24,25,26,18,10,11,12,13,14,6;63,55,47,39,31,30,29,28,36,44,43,42,41,49;8,0,1,2,3,4,5;46,54,62,61,60,59,58,57;38,37,45,53,52,51,50;33,34,35,27,19
8,0,43,9;60,59,58,57,56,48,40,32,24,16,8,0,1;20,12,4,3,2;14,22,30,38,46,54,53,61;9,17,25;50,51,52,44,45;37,36,35,43,42;49,41,33,34,26,18,10;11,19,27,28;29,21,13,5,6,7,15,23,31,39,47,55,63,62
8,0,44,6;15,23,31,39,47,55,63,62,61,60;54,53,52,51,59,58,57,56;14,22,30,38,46,45,44,43,35,27;4,12,11,10,9,17,25,33,41;36,28,20,19,18,26,34,42,50,49,48,40,32,24,16,8,0,1,2,3;7,6,5,13,21,29,37
8,0,45,7;23,31,39,47,55,63,62,61;37,29,28,27,35;49,41,33,25,17,9,10,11,12,13,14;52,51,50;36,44,45;60,59,58,57,56,48,40,32,24,16,8,0,1,2,3,4,5,6,7,15;43,42,34,26,18,19,20,21,22,30,38,46,54,53
8,0,46,7;50,49,41;33,34,42;54,46,38,30,22,14,13,12,4,3,2,1,9,17,18;44,36,28,20,19,11,10;5,6,7,15,23,31,39,47,55,63,62,61,53,45,37,29,21;59,58,57,56,48,40,32;60,52,51,43,35,27,26,25,24,16,8,0
8,0,47,7;20,21,22;49,50,51,52,53,54;39,31,23;46,38,30,29,28,27,19,11,10,9,17,25,33,41,42,43,44;18,26,34,35,36,37,45;47,55,63,62,61,60,59,58,57,56,48,40,32,24,16,8,0,1,2,3,4,5,6,7,15;14,13,12
8,0,48,7;23,15,7,6,5,4,3,2,1,0,8,16,24,32,33,34;60,61,62,63,55,47,39,31;53,54,46;41,40,48,56,57,58,59,51,52,44,36,28,20,19,18,10;45,37,29,21,13,12,11;9,17,25,26,27,35,43,42,50,49;38,30,22,14
8,0,49,9;44,45,37,29,21,20;2,1,0;22,23,31,39,47,55,63,62,61,60,59,58,57,56,48,40,32,24,16,8,9,10;19,18,17,25,33,41;28,36,35,43,51,50,49;15,14,13,12;11,3,4,5,6,7;42,34,26,27;30,38,46,54,53,52
8,0,50,6;22,23,31,39,47,55,63,62,61,60,59,58,57,56,48,40,32,24,16,17,9,10;8,0,1,2,3,11,19,27;25,33,41,42,43,44,45,37;20,12,4,5,6;49,50,51,52,53,54,46,38,30;18,26,34,35,36,28,29,21,13,14,15,7
8,0,51,8;52,44,36,35;6,5,13,21,22,30,38,46,47,55,63,62,61,60,59,58,57,56;33,25,17,9,10,11,3;2,1,0,8,16,24,32,40,48,49,50,51,43;7,15,14;23,31,39;4,12,20,19,18,26,34,42,41;27,28,29,37,45,53,54
8,0,52,7;45,44,43,42,41,49;63,55,54,53,52,51,50;16,24,25,26,18,19,20,21;38,37,36,35,34,33,32,40,48,56,57,58,59,60,61,62;23,15,7,6,5,4,3,2,1,0,8;22,14,13,12,11,10,9,17;27,28,29,30,31,39,47,46
8,0,53,8;44,52,60,59,58,57,56,48,40;42,34,26,27;55,54,46,38,30;63,62,61,53,45,37,29,21,22,23,31,39,47;9,17,25,24;14,13,12,20,28,36,35,43,51,50,49,41,33,32;11,3,4,5,6,7,15;19,18,10,2,1,0,8,16
8,0,54,7;32,24,25,17,18,19;7,15,23,31;49,50,51,52,44,45,46,47,55,63,62;0,1,2,3,4,5,6,14,22,30,38,39;16,8,9,10,11,12,13,21,29,37,36,35,43,42,41,40,48,56;33,34,26,27,28,20;57,58,59,60,61,53,54
8,0,55,7;31,39,47,55,63,62,61,60,52,44,36,28,20,12,13,14;56,57,58,59,51,43,35,27,19,11,3,4,5,6,7,15,23;48,49,50,42,34,26,18,10,2,1,0;41,33,25,17,9,8;16,24,32,40;30,38,46,54,53;22,21,29,37,45
8,0,56,9;62,63,55,47,39,31,23,22;17,25,33,41;28,20,12,4,3,2,1,0,8,16,24,32;27,19,11,10,9;40,48,56,57,58,59,60,61,53,45,37,29,21,13,14;15,7,6,5;49,50,51,52,44,36,35;30,38,46,54;43,42,34,26,18
8,0,57,7;18,17,16,24,32,40,48,56,57,58,59,60,61,62,63,55;7,15,23,31,30,29,21;39,38,37,45,44,43,42;22,14,6,5,4,3,2,1,0,8;13,12,11,10,9;34,35,36,28,20;19,27,26,25,33,41,49,50,51,52,53,54,46,47
8,0,58,8;12,4,5,6,7;1,2,3,11;54,53,45,37,38,30,22;0,8,16,24,32,40,41,42,34,26,18;55,63,62,61;10,9,17,25,33;56,57,58,59,60,52,44,36,28,29,21,13,14,15,23,31,39,47,46;20,19,27,35,43,51,50,49,48
8,0,59,7;39,47,46,45;7,6,5,4,3,2,1,9,17,25,33,41,49;55,63,62,61,60,59,51,50,42,34,26,18,19,20,21,22,23,31;15,14,13,12,11,10;54,53,52,44,36,37;0,8,16,24,32,40,48,56,57,58;38,30,29,28,27,35,43
8,0,60,8;24,32,40,48,56;21,29,37,36,35,43,51,52,53,54,62,63;20,19,18,17,16,8,0,1,2;55,47,39,31,23,15,7,6,5,4,3;28,27,26,34,42,50,58,59,60,61;9,10,11,12;25,33,41,49,57;13,14,22,30,38,46,45,44
