11,0,1,10;25,24,35,46,47;110,99,88,77,66,55,44,33,22,11,0,1,2,3,4,5,6,7,8,9,10;36,37,26,15,14,13,12,23,34,45,56,67,78,89,100,111;81,92,93,94,83,72,61,50,39;48,59,58,57,68,79,90,101,112,113,114,115,116,117,118,119,120,109,98,87,76,65,54;82,71,60,49,38,27,28,29,30,31;20,19,18,17,16;84,73,62,51,40,41,42,43,32,21;107,108,97,86,75,64,53;52,63,74,85,96,95,106,105,104,103,102,91,80,69,70
11,0,2,12;3,2,1,0,11,22,33,44,55,66,77,88,99,110,111,112,113,114,115,116,117,118,107,96;53,52,63,74,85,84;54,65,76,87,98,109,120,119;17,18,19;50,61,60,71;95,106,105,104,103,102,101,100,89,78,67,56,45,34,23,12,13,14,15,4,5,6,7,8,9,20,31,30,41,40,51,62;73,72,83,82;10,21,32,43,42;49,48,59,70;81,80,69,58,47,36,37,38,39,28,29;64,75,86,97,108;94,93,92,91,90,79,68,57,46,35,24,25,26,27,16
11,0,3,11;90,79,78,67,66,55,44,33,22,11,0,1,2,3,4,5,6,7,18,19,20,31,42,43,54,65,76,87,98,97,108;32,21,10,9,8;114,103,104,105;77,88,99,110,111,112,113;26,27,38,39,40,51,62,63,74,85,96,107,118,119,120,109;12,13,14,15,16,17,28,29,30,41,52,53,64,75,86;89,100,101,102,91,80,69,68,57,56,45,34;23,24,35,46,47,58,59,70,81,92;94,93,82,71,60;115,116,117,106,95,84,73;83,72,61,50,49,48,37,36,25
11,0,4,13;0,11,22,33,34,35,24,13,14,15,26,37,38,39,40;86,97,96;114,103,104,105,106,107,108;87,98,109,120,119,118,117,116,115;25,36,47,48,49,50,61,62,63,64,53;57,46,45,44,55,66,77,78;56,67,68,79,80;51,52,41,42,31,20,19,18,17,6;73,72,83;100,101,102,91,92,81,70;23,12,1,2,3,4,5,16,27,28,29,30;7,8,9,10,21,32,43,54,65,76,75,74,85,84,95,94,93,82,71,60,59,58,69;113,112,111,110,99,88,89,90
11,0,5,11;73,72,71,70;12,13,14,15,16,17,6,7,8,9,10,21;20,19,30;38,39,40,41,42,31,32;47,36,25,24,23,22,11,0,1,2,3,4,5;45,56,67,68,69,80,81;104,103,102,101,100,89,88,77;106,107,108,97,86,75,64,53,52,51,50,49,48,37,26,27,28,29,18;43,54,65,76,87,98,109,120,119,118,117,116,115,114,113,112,111,110,99;84,83,82,93,92,91,90,79,78;105,94,95,96,85,74,63,62,61,60,59,58,57,46,35,34,33,44,55,66
11,0,6,11;37,38,27,16,5,6,7,8,9,10,21;74,73,84,83,82,93,104,105,106,107,108,97;87,98,109,120,119,118,117,116,115,114,113,112,111,110,99,88,77,66,55,44,33,22,23,24,35,46,57,68,79,90,91;80,69,58,59,60,49,50,51,52;34,45,56,67,78,89,100,101,102;53,42,41,30,29;48,47,36,25;1,2,3,4,15,26;94,95,96,85,86,75,76,65,54,43,32,31,20,19,18,17,28,39,40;0,11,12,13,14;64,63,62,61,72,71,70,81,92,103
11,0,7,10;32,21,10,9,8,7,6,5,4,3,2,1,0,11;30,29,28,39,50,61,72,73;94,93,92,91,80,69,70,71,60,49,38,27,26,25,24,23,22;12,13,14,15,16,17,18,19,20,31,42,43,54,65,76,87,98,109;37,48,59,58,57,56,67,78,89,100;36,47,46,45,44,55,66,77,88,99,110,111,112,113,114,115,116,117,106,95,84,83,82,81;68,79,90,101,102,103,104,105;108,97,86,75,64,53,52,41;40,51,62,63,74,85,96,107,118,119,120;33,34,35
11,0,8,10;108,107,106,105,94,83,72;39,40,29,18,7,8,9,10,21,32,43,54,65,76,75,74,73,84,95,96,97;22,11,0,1,2,3,4,5,6,17,28,27;20,31,42,53,64,63,62,61,60,59,48,47,46,57,68,79,80,81,92,103,102,101,100;114,113,112,111,110,99,88,77,66,55,44,33,34,23,24,25;12,13,14,15,16;58,69,70,71,82,93,104,115,116,117,118,119,120,109,98,87,86,85;26,37,36,35;38,49,50,51,52,41,30,19;45,56,67,78,89,90,91
11,0,9,12;0,11,22,33,44,55,66,77,78,89,100,101,102,103,104,105,106,107,108,97,86,75,64,53,54;19,20,21,32,43;1,12,23,34,45,46,57,58;73,72,71,82,81,80,79,90;65,76,87,98,109,120,119,118,117,116,115,114,113,112,111,110,99,88;62,61,60,59;70,69,68,67,56;95,96,85,74,63,52,51,50,49,48,47;10,9,8,7,6,5,4,3,2;42,41,40,39,38,37,36,35,24,13,14,15,16,17,18;25,26,27,28,29,30,31;84,83,94,93,92,91
11,0,10,13;57,56,55,66,77;86,97,108,107,106,105,104,93,82;111,100,101,90,79,68,69,58,59,48;102,113,112;20,31,42,53,52,63;30,41,40,51,62,61,72,83,94,95,96,85;45,34,23,12,13,14;110,99,88,89,78,67;17,16,27,38,37,36,47;44,33,22,11,0,1,2,3,4,15,26,25,24,35,46;84,73,74,75,76,87,98,109,120,119,118,117,116,115,114,103,92,91,80;81,70,71,60,49,50,39,28,29,18,19,8,9,10,21,32,43,54,65,64;7,6,5
11,0,11,13;16,15,26,37,36,35,34,33,44,55,66,77,88,99,110;120,119,108;2,1,0;112,113,114,115,116,117,118,107;41,52,51,62,73,72,71,70,81,92,91,102,101;23,24,25,14,3,4,5,6,7,8,9,10,21,32,31,30,29,40,39,50,61,60,59,58,69,80,79,90,89,100,111;106,105,104,103;109,98,87;93,82,83,84,85,74,63,64,53,42;13,12,11,22;78,67,68,57;56,45,46,47,48,49,38,27,28,17,18,19,20;43,54,65,76,75,86,97,96,95,94
11,0,12,11;90,79,68,57,46,35,24,25,26,27;113,114,115,116,105,106,107,108,97,98;50,49,60;29,40,41,52,63,74,73,84,83,94;10,9,8,7,6,5,4,3,2,1,0,11,22,33,44,55,66,77,88,99,110,111,112,101,102,91,92;48,59,70;100,89,78,67,56,45,34,23,12,13,14,15,16,17,28,39,38,37,36,47,58,69,80,81,82,71,72,61,62,51;30,31,42,53,64,75;117,118,119,120,109;95,96,85,86,87,76,65,54,43,32,21,20,19,18;93,104,103
11,0,13,12;86,97,108,107,118,117,116,115,114,113,112,111,110,99,88,89,78,67,56,45,34,35,36,37;82,71,72;100,101,102;42,41,40,39,38,27,26,15,14,13;25,24,23,12,1,2,3,4,5,6,7,8,9,10,21,32,43,54,65,76,87,98,109,120,119;60,61,62,63;77,66,55,44,33,22,11,0;16,17,18,19,20;49,50,51,52,53,64,75,74,73,84,83,94,93;58,69,80,81,92,103,104,105,106,95,96,85;31,30,29,28;70,59,48,47,46,57,68,79,90,91
11,0,14,11;20,19,18,17,28,39,50;54,53,64,63,62,51,40,29,30,31;81,70,71,72,73,74,85;11,0,1,2,3,4,5,6,7,8,9,10,21,32,43,42,41,52;24,35,34,45,56,67,78,89,100,101,102,103;36,47,46,57,68,79,90,91,92,93,82;104,105,94,83,84;75,86,97,108,107,118;80,69,58,59,48,37,26,25;65,76,87,98,109,120,119;61,60,49,38,27,16,15,14,13,12,23,22,33,44,55,66,77,88,99,110,111,112,113,114,115,116,117,106,95,96
11,0,15,9;93,94,83,84,73,74,63,52,41,30,19,20;70,71,72,61,62,51,40,29,18;60,59,48,37,38,27,16,5,4,3,2;49,50,39,28,17,6,7,8,9,10,21,32,31,42,53,64,75;43,54,65,76,87,98,109,120,119,118,117,116,115,114,113,102,101,100,89,78,67,56,45,34,23,12,1;82,81,80,69,58,47,36,25;86,97,108,107;0,11,22,33,44,55,66,77,88,99,110,111,112;85,96,95,106,105,104,103,92,91,90,79,68,57,46,35,24,13,14,15,26
11,0,16,10;23,12,1,2,3,4,5,6,7,8,9,10,21,32,43,54,65,76,87,98,97,96,85,74,63,52,41,40,39,50,61,72,83,94,105,116;115,104,93,82,71,60,49,38,37,36,25;86,75,64,53,42,31,30,29,28,27,26;46,57,56,67,78,89,100,101,102,103,92;114,113,112,111,110,99,88,77,66,55,44,45,34,35,24,13,14,15,16,17,18,19,20;51,62,73,84,95,106,117,118,119,120;109,108,107;90,91,80,81,70,59;0,11,22,33;48,47,58,69,68,79
11,0,17,11;74,63,64,53,42,31,30,29,28,27,38,49;116,115,114,113,102;41,40,39,50,61,72,83;45,34,23,12;52,51,62,73,84,95,94,93,82,71,60;13,2,1,0,11,22,33,44;91,92,103,104,105,106,117,118,119;36,47,58,69,68,67,78,89,100;80,79,90,101,112,111,110,99,88,77,66,55,56,57,46,35,24,25,14,3,4,5,6,7,8,9,10,21,32,43,54,65,76,75,86,85,96,107,108,109,120;97,98,87;81,70,59,48,37,26,15,16,17,18,19,20
11,0,18,10;20,31,30,41,52,53,54,65,76,87,98,109,120,119,118,117,116,115,114,113,112,111,100,89,90,91,80,69,58,57,56,45,34,23;27,16,5,4;78,77,88,99,110;101,102,103,104,105,106,107;19,18,29,40,51,62,63,64;108,97,96,85,84,83,82,71,60,49,38,37,36,25,24,13,12;42,43,32,21,10;79,68,67,66,55,44,33,22,11,0,1,2,3,14,15,26;35,46,47,48,59,70,81,92,93,94,95;9,8,7,6,17,28,39,50,61,72,73,74,75,86
11,0,19,12;71,70,69;20,31,42,53,64,63,74,85,84,83,82,81,80,79,90;56,45,34,23,12,13,14;120,119,118,117,116,115;36,37,38,39,40,29,18;111,112,113,114,103,104,105,106,107,108,109,98,87;73,62,51,52,41,30,19;78,67,68,57,58,59,60;55,44,33,22,11,0,1,2,3,4,15,16,17;110,99,100,101,102,91,92,93,94,95,96,97,86,75,76,65,54,43,32,21,10,9,8,7,6,5;89,88,77,66;72,61,50,49,48,47,46,35,24,25,26,27,28
11,0,20,8;107,108,97,86,75,76,65,54,43,32,21,10,9,8,7,6,5,4,3,2,1,0,11,22,33,44,45,46,35,36;24,25,26,37,48,59,60;49,38,27,28,29;87,98,109,120,119,118,117,116,115,114,113,112,111,100,89,78,67,68,69,70,71,72,61,50,39,40,41,30,19,18;110,99,88,77,66,55,56,57,58,47;82,81,80,79,90,101,102,103,104,105,106,95,96,85,74,63,64,53,42,31,20;34,23,12,13,14,15,16,17;52,51,62,73,84,83,94,93,92,91
11,0,21,10;89,88,77,66,55,44,33,22,23,24,13,14,15,16,17,18,29,40,39,38,49;1,2,3,4,5,6,7,8,9,10,21,32,43,54,65,76,87,98;0,11,12;96,95,94,93,92,91,90,79,78,67,56,45,34,35,36,25,26,27,28;30,41,52,63,62,73,72,71,70,59,58,57,46;19,20,31,42,53,64,75,74,85,84,83,82,81,80,69,68;47,48,37;109,120,119,118,117,116,115,114,113,112,111,110;51,50,61,60;86,97,108,107,106,105,104,103,102,101,100,99
11,0,22,10;32,43,54,65,76,87,98,109,120,119,118,117,116;61,50,39,28,17,18,19,20;111,112,113;90,79,68,69,70,59,48,37,26,25,24,35,46;57,58,47,36;103,92,93,94,95,96,85,74,63,52,41;88,77,66,55,44,33,22,11,0,1,2,13,14,15,16,27,38,49,60,71,72,73,62,51,40,29,30,31,42,53,64,75,86,97,108,107,106,105,104,115,114;110,99,100,101,102,91,80,81,82,83,84;21,10,9,8,7,6,5,4,3;89,78,67,56,45,34,23,12
11,0,23,9;82,83,72,61,50,49,48,59,58,57,68,67,78,89;105,106,107,96,85;47,36,37,38,39,40,51,62;44,33,22,11,0,1,2,3,4,5,6,7,8,9,10,21,32,43,54,65,76,87,98,109,120,119,118,117,116,115,104,93,94,95,84,73,74,63,52,41,30,29,28,27,26,25,24,35,46;102,101,100,111,110;108,97,86,75,64,53,42,31,20,19,18,17,16,15,14,13,12,23,34,45,56,55,66,77,88,99;69,80,79;112,113,114,103;90,91,92,81,70,71,60
11,0,24,11;89,90,79,68,67,66,55,44,33,22,11,0,1,2,3;62,51,40;78,77,88,99,110,111,112,113,114,115,116,105,94,83;52,41,30,29,28,27,16,5,6,7,8,9,10,21,32,43,54,65,76,87,98;69,80,91,102,101,100;26,15,4;103,104,93,82,71,60,49,48,47,46,35,24;92,81,70,59,58,57,56,45,34,23,12,13,14,25,36,37,38,39,50,61,72,73;117,106,95,84,85,74,63;120,119,118,107,96;109,108,97,86,75,64,53,42,31,20,19,18,17
11,0,25,13;38,39,28,17,18,19;44,33,34,23;54,65,76,87,98;83,72,61,60;37,26,15,4,3,2,1,0,11,22;109,120,119,118,117,116,115,114,113,112,111,110,99,88,77,66,55;27,16,5,6,7,8,9,10,21,32,43,42,41,52;49,50,51,40,29,30,31,20;57,58,69,80,81,82,93,94,95,84,73,62,63;78,89,100,101,102,103,104,105,106,107,96,85,74,75,64,53;24,35,46,45,56,67,68,79,90,91,92;12,13,14,25,36,47,48,59,70,71;108,97,86
11,0,26,13;89,100,101,102,103,104,93,94,95,96,107,108;11,22,33,34;92,91,90,79,78,67,56,57,58,59,70,71,72,83,84,85,86,75,64,53,42,31,32,21,10,9,8,7,6,5;73,74,63,52,41,40;20,19,30,29,28,39,50,51;106,105,116,115,114,113,112,111,110,99,88,77,66,55,44,45,46,35,24,23,12,1,0;62,61,60;43,54,65,76,87;68,69,80,81,82;18,17,16,27;49,38,37,26,15,4,3,2;117,118,119,120,109,98,97;48,47,36,25,14,13
11,0,27,12;69,68,67,78,89,100;108,107,106,105,94,93,92,91;20,31,30,29,40,39,50,49,48,59,70;14,13,12,23,34;10,21,32,43,42,41,52,63,64,75,86;16,15,26,25,24,35,46,45,44,55,66,77,88,99,110,111,112,113,114,115,116,117,118,119,120,109;97,96,95,84,83,82,81,80,79,90,101,102,103,104;19,18,17,28,27,38,37,36,47,58,57,56;53,54,65,76,87,98;61,62,51;9,8,7,6,5,4,3,2,1,0,11,22,33;60,71,72,73,74,85
11,0,28,12;18,17,28,39,50,51;24,35,36,47,58,69;73,72,71,70,59,48;27,16,15;10,9,20,31,42,53,54,65,76,87,98,109,120,119,118,117,116,115,114,113,112,111,110,99,88,77,66,55,44,33,22,11,0,1,2,3;56,67,78,89,90,91,92,93,94,95,96,97,86,75,64;4,5,6;25,26,37,38,49,60,61,62,63,52,41,40;7,8,19,30,29;100,101,102,103,104,105,106,107,108;21,32,43;74,85,84,83,82,81,80,79,68,57,46,45,34,23,12,13,14
11,0,29,10;74,85,96,97;108,107,106,95,84,83,82,81,80,69,68,67,56,45;0,11,22,33,44,55,66;37,38,39,40,51,52,53,42,31,20,19,18,17,16,15,14;26,27,28,29,30,41;76,75,64,63,62,61,60;50,49,48,47,36,25,24,13;94,93,92,91,90,79,78,77,88,99,110,111,112,113,114,115,116,117,118,119,120,109,98,87,86;105,104,103,102,101,100,89;73,72,71,70,59,58,57,46,35,34,23,12,1,2,3,4,5,6,7,8,9,10,21,32,43,54,65
11,0,30,11;85,86,75,64,53,42,31,30,29,28,39,50,49,48;80,81,70,59,60;37,26,25,24,35,46;83,84,73,74,63,52,41,40;51,62,61,72;87,76,65,54,43,32,21,10,9,8,7,6,5,4,3,2,1,0,11,22,33,44,55,66,77,88,99,110,111,112,113,114,115,116,117,118,119,120;38,27,16,17,18,19,20;69,58,47,36;71,82,93,94,95,96,97,98;15,14,13,12,23,34,45,56,57,68,79,90,91,92;67,78,89,100,101,102,103,104,105,106,107,108,109
11,0,31,12;24,25,14,3;5,6,7,8,9,10;115,114,113,112,111,110,99,88,77,66,55,44,33,22,11,0,1;40,41,52,63,64,75,86,85,84,95,94,93,92,91,90,89,78,67,56,45,34,23,12,13,2;35,36,47,58,69,70,71,72;74,73,62,51,50,49,38,27,16,17,18,19,20,21,32,43;83,82,81,80,79,68,57,46;4,15,26,37,48,59,60,61;120,109,108,107,106;119,118,117,116,105,104,103,102,101,100;96,97,98,87,76,65,54,53,42;39,28,29,30,31
11,0,32,10;41,52,51,62,73,84,85;5,6,7,8,9,10;110,99,100,89,78,67,56,45,34,35,24;107,96,95,94,93,82,71,60;40,29,30,31,42,53,64,63;74,75,86,97,108;39,28,17,18,19,20,21,32,43,54,65,76,87,98,109,120,119,118,117,116,115,114,113,102,91,80,69,58,47,36,25,14,13,12,23;111,112,101,90,79,68,57,46;88,77,66,55,44,33,22,11,0,1,2,3,4,15,16,27,38,49,50,61,72,83;106,105,104,103,92,81,70,59,48,37,26
11,0,33,10;26,37,36,47,46,45,44;58,57,68,67,78,89,100,111,112,113,114,115,116,117,118,119,120,109,98,87,76;56,55,66,77;30,41,52,63,64,75,86,97,108;1,0,11,22,33,34,35,24,25,14,15,16,27,38,49,60,71,82,81,92,91;23,12,13,2,3,4,5,6,17,28,39,50,61,72,83;93,94,95,84,73,62,51,40,29,18,7,8,9,10,21,32,43,54,65;53,42,31,20,19;88,99,110;74,85,96,107,106,105,104,103,102,101,90,79,80,69,70,59,48
11,0,34,9;4,3,2,1,0,11,22,33;5,6,7,8,9,10,21,32,31,42,53,64,75,86,85,84,83,94,93,92,91,90,79,68,69,70,59,48;103,102,101,100,89,78,67,56,57,58,47,36,37,38,49,60,61,62,51,40,29,18,17,16;20,19,30,41,52;63,74,73,72,71,82,81,80;104,105,106,107;15,14,13,12,23,34,45,44,55,66,77,88,99,110,111,112,113,114,115,116,117,118,119,120,109,98,87,76,65,54,43;95,96,97,108;50,39,28,27,26,25,24,35,46
11,0,35,13;18,29,28,39;9,10,21,32,43;40,51,62,73,74,85,96,97,108;37,48,59,70,69;75,86,87,98,109,120,119,118,107,106,95,94,93,92,91,90,79,68,57,46,35;12,13,14,15,26;117,116,115,114,113,112,111,110,99,88,77,66,55,44,33;84,83,72,61,50,49,38;34,45,56,67,78,89,100,101,102,103,104,105;27,16,17,6,7,8,19,30,41,52,63,64;5,4,3,2,1,0,11,22,23,24,25,36,47,58;80,81,82,71,60;76,65,54,53,42,31,20
11,0,36,8;27,28,29,40,51,62,73;46,35,24,25,26,37,38,39,50,61,72,83;82,71,60,49,48,47,36;20,31,42,53,64,75,86,97,108;119,118,107,106,105,104,103,102,91,80,69;96,95,94,93,92,81,70,59,58,57,68,79,90,101,100;89,78,67,56,45,34,23,12,13,14,15,16,17,18,19,30,41,52,63,74,85,84;120,109,98,87,76,65,54,43,32,21,10,9,8,7,6,5,4,3,2,1,0,11,22,33,44,55,66,77,88,99,110,111,112,113,114,115,116,117
11,0,37,11;16,17,18,19,20,31,42,53,64;107,108,97,86,75,74,73,84,83,94,93,92,91,80,69,58,57,46,35,24;82,81,70;52,63,62,61,50,49;115,116,117;78,89,100,101,102,103,104,105,106,95,96,85;72,71,60,59,48,47;3,2,1,0,11,22,33,44,55,66,77,88,99,110,111,112,113,114;5,4,15,26,27,28,29,30,41;51,40,39,38,37,36,25,14,13,12,23,34,45,56,67,68,79,90;118,119,120,109,98,87,76,65,54,43,32,21,10,9,8,7,6
11,0,38,9;78,89,100,111,112,113,114,115,116,117,118,119,120,109;79,90,101,102,103,104,105,106,107,108,97,98,87,76,65,54,43,42,31,20,19,18,17,16;23,34,35,46,47,48;49,50,61,72,73,84,85,86,75,64,53,52,41,30,29,28,27,26,15,14;67,68,69,80,91,92,93;74,63,62,51,40,39,38,37,36,25,24,13,12;45,56,57,58,59,60,71;32,21,10,9,8,7,6,5,4,3,2,1,0,11,22,33,44,55,66,77,88,99,110;70,81,82,83,94,95,96
11,0,39,9;17,18,7,8,9,10,21,32,43,54,53,52,63,62,73,84;19,20,31,42,41,40,51,50,61,72,83,94,93,92,91,90,79,68,69,58,47,36,35;64,75,74,85,96,95,106,105,104,103,102,101,100,89,78;65,76,87,86,97,108,107;98,109,120,119,118,117,116,115,114,113,112,111,110,99,88,77,66,67;45,34,23,12,13,14,15,16,27;24,25,26,37,48,59,70,81,80;6,5,4,3,2,1,0,11,22,33,44,55,56,57,46;30,29,28,39,38,49,60,71,82
11,0,40,11;83,82,81,92;108,107,106,105,104,103,102,101,100,99,88,77,66,55,44,33,34,23,24,13,14,15,16;119,120,109,98,87,86;39,28,27,26,25,36,35,46,45,56,67,78,89,90,91,80,69,70,71,72,61,62,63,64,53,42,31,20;17,18,29,40;93,94,95,84,73;12,1,2,3,4,5,6,7,8,19,30,41,52,51,50,49,60,59;22,11,0;9,10,21,32,43,54,65,76,75,74,85,96,97;118,117,116,115,114,113,112,111,110;38,37,48,47,58,57,68,79
11,0,41,10;23,24,25,26,37,48,59;22,33,34,35,36,47,58,69,80,91;104,105,106,107,108,97,86,75,64,63,62,51,40,29,18,19,20;42,43,32,21,10,9,8,7,6,17,28,39,50,61,72;31,30,41,52,53,54,65,76,87,98,109,120,119,118,117,116,115,114,113,112,111,110;100,89,78,67,56;11,12,13,14,15,16,27,38,49,60,71,70;0,1,2,3,4,5;85,96,95,94,93;99,88,77,66,55,44,45,46,57,68,79,90,101,102,103,92,81,82,83,84,73,74
11,0,42,9;86,75,74,63;17,28,27,38,49;119,118,107;41,52,51,62,73,72,71,70,59,48,37,26,25,24,35,46,57,68,79,90,91,92,93,94;120,109,108,97,96,95,106,117,116,115,114,113,112,111,110,99,88,77,66,55,44,33,22,11,0,1,2,3,4,5,6,7,18;85,84,83,82,81,80,69,58,47,36;16,15,14,13,12,23,34,45,56,67,78,89,100,101,102,103,104,105;98,87,76,65,64,53,42,31,20;54,43,32,21,10,9,8,19,30,29,40,39,50,61,60
11,0,43,13;19,20,31,42,53,64,63,74,73,84,83,94,105,116;72,71,82,93,104,103,102,101,100,89;68,79,90,91,92,81,70,59,48,47,36,35,34,23;14,3,4,5,6,7;40,29,18,17,16,15;12,11,22,33,44,45,46;56,57,58,69,80;0,1,2,13,24,25,26,37,38,49,60,61,62;78,77,88,99,110,111,112,113,114,115;27,28,39,50,51,52,41,30;8,9,10,21,32,43,54,65,76,75,86,85,96,95,106,117,118,119,120,109;55,66,67;87,98,97,108,107
11,0,44,11;33,22,11,0,1,2,3,4;104,93,82,71,60,59,58,57,56,67,78,89,100;85,74,63;79,80,91,102,113,114,115,116,117,118,119,120,109,98,87,76,75;5,16,27,26,25,24,35,46,47,48,49,50,61,72,83,94,105,106,107,108;34,45,44,55,66,77,88,99,110,111,112,101,90;15,14,13,12,23;28,17,6,7,8,9,10,21,32,43,54,65,64;86,97,96,95,84,73,62,51,52,41,30;68,69,70,81,92,103;53,42,31,20,19,18,29,40,39,38,37,36
11,0,45,9;84,83,72,61,60,49,38,27,28,29,40,41,52,63,64;120,119,118;82,93,92,91,90,79,68,57,46,47,36;10,21,32,43;30,19,18,17,16,15,14,13,12,23,22,33,44,55,66,77,88,99,110,111,112,113,114,115,116,117,106,107,96,85;109,108,97,86,75,74,73,62,51,50,39;58,69,80,81;11,0,1,2,3,4,5,6,7,8,9,20,31,42,53,54,65,76,87,98;95,94,105,104,103,102,101,100,89,78,67,56,45,34,35,24,25,26,37,48,59,70,71
11,0,46,9;40,51,50,49,60,71,72,73,74,85,96,95,94,93,92,91,90,79,68,67,56;25,24,23,22;0,1,2,3,4;44,55,66,77,78,89,100,101,102,103,104,105,106,107,108,97,86,75,64,53,42,31,20,19,18,17,16,5;37,38,39;84,83,82,81,80,69,58,57,46,45,34,33;70,59,48,47,36,35;6,7,8,9,10,21,32,43,54,65,76,87,98,109,120,119,118,117,116,115,114,113,112,111,110,99,88;11,12,13,14,15,26,27,28,29,30,41,52,63,62,61
11,0,47,11;75,76,87,98,109,120,119,118,117,116,115,114,113,112,111,110,99,88,77,66,55,44,33,22,23,12,13,14,15,16,27;53,52,41;72,73,74,63,64,65,54,43,32,21,10,9,8,7,6,5,4,3,2,1,0,11;58,59,48,49,50,51,62;86,85,96,95,94,93,92;97,108,107,106,105,104,103,102;84,83,82,81,80,91,90,101,100;69,70,71,60,61;20,19,18,17,28,39,38,37,36,47,46,57,68,79;40,29,30,31,42;26,25,24,35,34,45,56,67,78,89
11,0,48,11;46,47,36,25,26,27,28,29,30,41,52,63,74,85,96,95;49,60,59,58,57,68,67,78,77,88;110,111,112,101,90,79,80,81,82,83,84,73,62,51,40,39,38,37,48;45,56,55,66;44,33,22,23,12;114,113,102;93,94,105,106,107,108,97,86,75,64,53,42,31,20,19,18,17,16,15,14,13,24,35,34;104,115,116,117,118,119,120,109,98,87,76,65,54,43,32,21,10,9,8,7,6,5,4,3,2,1,0,11;89,100,99;91,92,103;69,70,71,72,61,50
11,0,49,11;86,97,108;14,3,4,5,16,27;95,94,93;40,51,50,49,48,47,36,25,24;72,73,74,75,64,53,42,31,20,19,18,29,28,39,38,37,26,15;17,6,7,8,9,10,21,32,43,54,65,76,87,98,109,120,119,118,117,116,115,114,113,102,91,92,81,82;71,70,69,80,79,90,101,112,111,110,99,88,77,66,55,44,33,22,11,0,1,2,13;68,57,46,35;83,84,85,96,107,106,105,104,103;58,59,60,61,62,63,52,41,30;100,89,78,67,56,45,34,23,12
11,0,50,10;89,90,91,92,93,104,105,106;70,69,68,67,66,55,44,33,22,11,0,1,2,13,24,35,46,47,48,49,38,39,40,41;12,23,34,45,56,57,58,59,60,61,62,73,84,95,96,107;37,26,27,28,29,30;108,97,86,85,74,63,52,51,50;110,111,112,113,114,115,116,117,118,119,120,109,98,87,76,75,64,53,42,31,20,19,18,17,16,15,14,25,36;72,83,94;99,100,101,102,103;71,82,81,80,79,78,77,88;65,54,43,32,21,10,9,8,7,6,5,4,3
11,0,51,10;22,11,0,1,2,3,4,15;96,95,94,93,92,91,90,89,78,67;24,35,36,37,48,49;28,29,40,51,62,73,72,71,70,69,68,57,56,45;120,119,118,117,116,115,114,113,112,111,110;97,86,75,76,65,54,43,32,21,10,9,8,7,6,5;64,53,42,31,20;87,98,109,108,107,106,105,104,103,102,101,100,99,88,77,66,55,44,33,34,23,12,13,14,25,26;79,80,81,82,83,84,85,74,63,52,41,30,19,18,17,16,27,38,39,50;46,47,58,59,60,61
11,0,52,8;48,59,58,69;25,24,35;109,120,119,118,117,116,115,114,113,112,111,110,99,88,77,66,55,56,57,68;96,85,86;40,39,38,37,36,47,46,45,44,33,22,11,0,1,2,3,4,5,6,7,8,9,10,21,32,43,54,65,76,87,98,97,108,107,106;34,23,12,13,14,15,26,27,28,29,30,41,52,63,62,61,72,83,82,93,92,91,90,89,100;101,102,103,104,105,94,95,84,73,74,75,64,53,42,31,20,19,18,17,16;51,50,49,60,71,70,81,80,79,78,67
11,0,53,12;18,29,40,51,62,63,64,75,86,97,108,107,106,105,94,93;20,19,30,41,42,43;70,81,82,83,84,95;56,67,78,89,100,101,102;33,22,11,0,1,2,13,14,15;52,53,54,65,76,87,98,109,120,119,118,117,116,115,114,113,112,111,110,99,88,77,66,55,44,45,34,35,36,37,38,49;96,85,74,73,72,71;10,21,32,31;3,4,5,16,27,28,39,50,61,60,59,48,47,46,57,68,79,90,91,92,103,104;80,69,58;26,25,24,23,12;17,6,7,8,9
11,0,54,12;14,15,16,17;53,52,41,30,31;74,85,96,95,94,93,92,81,70,71,72,61,50,49,48,47,36;103,104,105,106,107,108,97,86,75,64,63;3,4,5,6,7,8,9,10,21,32,43,42;78,77,88,99,110,111,112,113,114,115,116,117,118,119,120,109,98,87,76,65,54;46,35,24;12,23,34,45,56,57,68,79,90,89,100;101,102,91,80,69,58,59,60;20,19,18,29,28,27;82,83,84,73,62,51,40,39,38,37,26,25;13,2,1,0,11,22,33,44,55,66,67
11,0,55,9;51,40,29,18,19,20,21;101,100,89,78,67;45,46,47,58,69,80,81,82,83,84,73,62,63,52,41,30,31,32,43,54,65,76,87,98,109,120,119,118,117,116,115,114,113;36,35,34,33,44,55,66,77,88,99,110,111,112;102,103,104,105,106,107,108,97,86,75,64,53,42;0,11,22,23,24,25,26,37,48,59,70,71,72,61,50,39,28,17,6,7,8,9,10;1,12,13,14,15,16,27,38,49,60;74,85,96,95,94,93,92,91,90,79,68,57,56;5,4,3,2
11,0,56,9;20,19,18,17,16,15,14,13,12;26,27,28,29,30,31,32,43,54,65,76,87,98,109,120,119,118,117,116,115,114,113,112,111,110;70,69,58,47,36,25,24,23,22,33,44,45,56,67,78,89;62,61,60,59,48;102,103,104,105,106,95,96;21,10,9,8,7,6,5,4,3,2,1,0,11;34,35,46,57,68,79,80,81,82,71,72,73,74,63,52,51,50,49;37,38,39,40,41,42,53,64,75,86,97,108,107;55,66,77,88,99,100,101,90,91,92,93,94,83,84,85
11,0,57,9;18,19,20,31,42,43,54,65,76,87,98,109,120,119,118,117,116,115,114,113,112,111,110,99,88,77,66,55,44,33,22,11;92,91,90,79,68,57,46,35;47,58,69,80;49,60,71,82,83,84,73,62,51,40;36,37,48,59,70,81;105,106,107,108,97,86,75,64,53,52,41,30,29,28,17,16,5,4,3,2;32,21,10,9,8,7,6;0,1,12,13,14,15,26,27,38,39,50,61,72;25,24,23,34,45,56,67,78,89,100,101,102,103,104,93,94,95,96,85,74,63
11,0,58,11;25,24,13;81,92,91,102;2,1,0,11,22,33,44,45,46,47,48,59,70,71,82,93,104,115,116,117,118,119,120,109,98,97,86,75,64;60,61,72,83,94,105,106,107,108;29,18,7,6,5,4,3,14;68,67,78,89,100,111;28,17,16,15,26,37,36,35,34,23,12;87,76,65,54,43,32,21,10,9,8,19,30,41,40,39;20,31,42,53,52,63,74,85;96,95,84,73,62,51,50,49,38,27;103,114,113,112,101,90,79,80,69,58,57,56,55,66,77,88,99,110
11,0,59,11;10,9,8,19,18,29;83,82,71,70,69,80,79,90,101;108,107,106,105,104,103,102,91;21,20,31,30,41,40,39,28,17,16,15,14,13,12,23,34,45;68,67,78,89,100;37,48,59,60,61,72;46,35,24,25,26,27,38,49,50,51,62,73,84,95,96,97,86,75,64,53,42;32,43,54,65,76,87,98,109,120,119,118,117,116,115,114,113,112,111,110,99,88,77,66;94,93,92,81;7,6,5,4,3,2,1,0,11,22,33,44,55,56,57,58,47,36;52,63,74,85
11,0,60,9;97,86,75,74,73,72,71,82,81,92,103,104;16,15,14,13,12,23,34;48,49,50,51,52,53,54;21,20,31,30,29,28,27,26,25,24,35,46,45,56,67,78,89,100,101,102,91,80,69,70,59,60,61,62,63,64,65,76,87,98,109,120,119,118,117,106,95;7,6,5,4,3,2,1,0,11,22,33,44,55,66,77,88,99,110,111,112,113,114,115,116,105;37,38,39,40,41,42,43,32;108,107,96,85,84,83,94,93;36,47,58,57,68,79,90;10,9,8,19,18,17
11,0,61,9;30,29,28;12,23,34,45,56,67,78,89,90,91,92,93,94,83,72;15,4,5,6,7,8,9,10,21,32;99,100,101,102,103,104,105,106,95,84,73,62;110,111,112,113,114,115,116,117,118,107,96,85,74,63;109,98,87,76,65,54,43,42,41,40,39,38,49;120,119,108,97,86,75,64,53,52,51,50,61,60,59,48,37,26,27,16,17,18,19,20,31;13,24,35,46,57,68,79,80,81,82;71,70,69,58,47,36,25,14,3,2,1,0,11,22,33,44,55,66,77,88
11,0,62,11;119,118,117,106,95,84,73,62,61,60,59,70,81,92,91,90;98,97,86,75,64,53,42;20,19,18,17;33,22,11,12,13,14,15,16;82,93,104,103,102,101,100,89;87,76,65,54,43;68,69,58,47,48,49,50,51;80,79,78,67,56,57,46,35;36,37,38,39,40,41,52,63,74,85,96,107,108,109,120;71,72,83,94,105,116,115,114,113,112,111,110,99,88,77,66,55,44,45,34,23,24,25,26,27,28,29,30,31,32,21,10,9,8,7;6,5,4,3,2,1,0
11,0,63,12;38,37,36,35,34,45,56,57,68,69;94,95,96;98,109,120,119,118,117,116,115,114,103,92,91,90,89;77,88,99,100,101;51,50,39,28,27,26,25,24,23;40,41,52,63,74;75,64,53,42,31,30,29;110,111,112,113,102;0,1,2,3,4,5,6,7,8,9,10,21,32,43,54,65,76,87,86,85;97,108,107,106,105,104,93,82,81,80,79,78,67,66,55,44,33,22,11,12,13,14,15,16,17,18,19,20;48,49,60,61,62,73,84,83;46,47,58,59,70,71,72
11,0,64,11;90,91,80,69,58,47,36;79,68,57,46,35,24,25,14;7,18,19,20,31,42,53,64,75,86,97,96;56,67,78,89,100,101,102,103,104,105,106,107,108,109,98,87,76,65,54,43,32,21,10,9,8;70,71,60,49,38,27,16,15,4,3,2,1,0,11,22,33;59,48,37,26;13,12,23,34,45,44;92,93,94,95,84,85,74,63,52,41,30;55,66,77,88,99,110,111,112,113,114,115,116,117,118,119,120;81,82,83,72,73,62,51,40,29;5,6,17,28,39,50,61
11,0,65,11;75,74,73,62,51,40,29;28,17,18,19,20,31,42,53,64;14,13,12,23;80,81,82,71,60,49,48,37,26,25,24;16,15,4,3,2,1,0,11,22,33,34,35,36;108,107,96,95,94;87,76,65,54,43,32,21,10,9,8,7,6,5;30,41,52,63;113,112,111,110,99,88,77,66,55,44,45,46,47;27,38,39,50,61,72,83,84,85,86,97,98,109,120,119,118,117,106,105,104,93,92,91,90,79,68,69,70;116,115,114,103,102,101,100,89,78,67,56,57,58,59
11,0,66,10;60,61,50;108,97,86;43,42,53,52;73,74,75,76,87,98,109,120,119,118,117,116,115,114,113,112,111,110,99,88,77,66,55,44,33,22,11,0,1,2,3,4,5;49,48,59,70,71,72,83,94,95;6,17,16,15,14,13,12,23,34,45,56,67,78,89,100,101,102,103,104,105,106,107,96,85,84;20,19,18,29,40,51,62,63,64,65,54;93,92,91,90,79,68,57,46,35,24,25,26,27,28,39;7,8,9,10,21,32,31,30,41;38,37,36,47,58,69,80,81,82
11,0,67,11;1,0,11,22,33,34,35,24,25,14,15,16,27,38,49,48,59,70,71,82;120,109,108,107,106,105,104,103,102,101,100,89;95,96,97,98,87,76,65,54,43,32,21,20;30,41,52,63,74,73,72,83,94,93,92,91,90,79,68;23,12,13,2,3,4,5,6,7;60,61,62,51,40,29;10,9,8,19,18,17,28,39,50;84,85,86,75,64,53,42,31;119,118,117,116,115,114,113,112,111,110,99,88;77,78,67,56,57,58,69,80,81;66,55,44,45,46,47,36,37,26
11,0,68,10;110,99,88,77,66,55,44,33,22,11,0,1;107,106,105,94,83,72,61,62;30,41,40,39,38;120,109,98,87,76,65,54,43,32,21,10,9,8,7,6,17,16,15,14,25,24;114,103,92,81,70;5,4,3,2,13,12,23,34,35,36,37,26,27,28,29,18,19,20,31,42,53,64,75,86,85;118,117,116;101,90,79,68,57,46,47,48,49,50,51,52,63,74,73,84,95,96,97,108,119;112,111,100,89,78,67,56,45;115,104,93,82,71,60,59,58,69,80,91,102,113
11,0,69,12;87,76,65,54,43,32,21,10,9,8,7,6,5,4,3,2,1,0;40,41,42,31,20;11,12,13,14,15,16,17,18,19;73,74,85,96;53,52,51,50,39,38,37,36,35,34,45,56,67,68;108,107,106;57,58,59,70,81,82,93,94;46,47,48,49,60,71;95,84,83,72,61,62,63,64,75,86,97,98,109,120,119,118,117,116,115,114,113,112,111,110;79,80,69;92,91,90,89,78;105,104,103,102,101,100,99,88,77,66,55,44,33,22,23,24,25,26,27,28,29,30
11,0,70,11;79,78,89;83,72,61,50,39;21,20,19,18,17,16,15,26,37,48,49,60,71,82,93,94,95,84,73,62,51,40,41,42,53,64,75,86,97,108;12,23,34,45,56,67,66,77,88,99,100,101,90,91;55,44,33,22,11,0,1,2,13,24,35,46,57,68,69,80;110,111,112,113,114,115,116,117,118,119,120,109;106,105,104;102,103,92,81,70,59,58,47,36,25,14,3,4,5,6,7,8,9,10;31,30,29,28,27,38;32,43,54,65,76,87,98;107,96,85,74,63,52
11,0,71,13;114,113,112,111,110,99,88,77,66,55,44,33,34,35,24;71,82,83,84;12,1,0;95,106,107,118,119,120,109,98,87,76,65,54,43,32,21,10;50,51,52,53,42,31,20,9,8,7,6,5,4,3,2,13;39,38,49,60,61,62,63,64,75,86;11,22,23;89,78,67,56,45,46,47,36,25,14,15,16,17,18,19,30;58,69,80,91,102,103,104,115;41,40,29,28,27,26,37,48,59,70,81,92,93,94,105,116,117;96,97,108;85,74,73,72;57,68,79,90,101,100
11,0,72,10;70,81,92,103,114,113,112,111,110,99,88;108,107,96,85,74,75;90,79,78,77;89,100,101,102,91,80,69,58,59,48,37,26,27,28,29;68,67,66;106,95,84,73,62,63,64,53,42,31,20;52,51,50,61,72,83,94,105,116,117,118,119,120,109,98;97,86,87,76,65,54,43,32,21,10,9,8,7,6,5,4,3,2,13,12,23;24,35,34,45;1,0,11,22,33,44,55,56,57,46,47,36,25,14,15,16,17,18,19,30,41,40,39,38,49,60,71,82,93,104,115
11,0,73,12;56,67,68,69,58,47,36,25,14;1,0,11,22,33,44,55,66,77,88,99,110;114,103,104,105,106,107,108,97,86,75,64,63,52,41,30,19,18,17;92,91,102,113,112,111,100,89,78;9,8,7,6,5;23,34,45,46,57;10,21,20,31,42,53;48,49,60,71,82,93,94,95,96,85,74,73,62,51,40,29,28,27,16,15,4,3,2;101,90,79,80,81,70,59;26,37,38,39,50,61,72,83,84;32,43,54,65,76,87,98,109,120,119,118,117,116,115;35,24,13,12
11,0,74,11;20,31,42,53,64,63,74,85,96,95,106,117;84,83,94,105,116,115,114;113,112,111,110,99,88,77,66,55,56;92,91,80,69,58,47,46,45,34,23,24,25,26,27,38,39,40,29,18,7,6,5,4,3,2,1,0;118,119,120,109,98,87;35,36,37,48,49,50;100,89,78,67,68,57;28,17,16,15,14,13,12,11,22,33,44;73,72,71;86,75,76,65,54,43,32,21,10,9,8,19,30,41,52,51,62,61,60,59,70,81,82,93,104,103,102,101,90,79;97,108,107
11,0,75,12;5,16,27,28;18,19,20;108,107,106,95,84,73;86,97,98,109,120,119,118,117,116,115,114,113,112,111,110,99,88,77,66,55,44,33,22,11,12,13,14;79,90,91,92,93,82,71;80,81,70,59,60,61,62,63;17,6,7,8,9,10,21,32,31,30,29,40;57,46,35,36,37,38,39;101,100,89,78,67,56,45,34,23,24,25,26,15,4,3,2,1,0;72,83,94,105,104,103,102;41,42,43,54,65,76,87;96,85,74,75,64,53,52,51,50,49,48,47,58,69,68
11,0,76,12;20,31,42,53;1,0,11,22;8,9,10,21,32,43,54,65,64,75,86,97,108,107;29,40,51,62,73,84,83,82;33,34,23,12;105,104,103,102,91,80,69,70,71,72,61,50,39,28,17,16,15;14,25,26,27,38,49,48,47,46,45,44,55,66,77,88,99,110,111,112,101,90,79,68;94,93,92,81;116,115,114,113;2,3,4,5,6,7,18,19,30,41,52,63,74,85,96,95,106,117,118,119,120,109,98,87,76;13,24,35,36,37;100,89,78,67,56,57,58,59,60
11,0,77,8;96,85,74,63,52,51,50;90,79,68,57,46,35,24,25,14,3,4,5,6,7;9,20,31,30,29,28,27,38,49,60,71,82,93,104,115,114,113,112,111,110,99,88,77,66,55,44;62,73,84,95,106,107,108,97,86,75,64,53,42,41,40,39;36,47,58,69,80,91;13,12,23;8,19,18,17,16,15,26,37,48,59,70,81,92,103,102,101,100,89,78,67,56,45,34,33,22,11,0,1,2;61,72,83,94,105,116,117,118,119,120,109,98,87,76,65,54,43,32,21,10
11,0,78,12;37,36,35,34,45,56;94,95,96,97,86,87,76;108,107,106,117,116,115,114,113,112,111,110,99,88,77,66,55,44,33,22,11,0,1,2,3,4,5,6,7,8,9;98,109,120,119,118;63,62,73,72,71,70,81,92,103,102,101,100,89;78,79,90,91;12,13,14,15,26,27,28,29;42,53,52,51,50,61,60,59,58,69,80;16,17,18;67,68,57,46,47,48,49,38,39,40,41,30,31,32,43,54,65,64,75,74,85,84,83,82,93,104,105;19,20,21,10;23,24,25
11,0,79,10;4,5,6,7,8,9,10,21,32,43,54,65,76,87,86,85,74,63,62,61,50;80,69,68,57,46,45,34,23,12;78,89,100,101,102,103,104,105,106,107,108;75,64,53,52,51,40,39,38;41,30,29,28,27,26,25;37,48,49,60,71,72,73,84,95,94,93,92,91,90,79;42,31,20,19,18,17,16,15,14,3;2,13,24,35,36,47,58,59,70,81,82,83;67,56,55,44,33,22,11,0,1;66,77,88,99,110,111,112,113,114,115,116,117,118,119,120,109,98,97,96
11,0,80,7;3,2,1,0,11,22,33,44,55,66,77,88,99,110,111,112,113,114,115,116,117;96,95,94,93,92,91,90,79,68,57,46;4,5,6,17,18,29;70,71,72,73,74,75,76,87,98,109,120,119,118,107,106,105,104,103,102,101,100,89,78,67,56,45,34,23,12;19,30,41,40,39,28,27,16,15,14,13,24,35,36,47,58,69,80,81,82,83,84,85,86,97,108;25,26,37,38,49,50,51,52,53,42,31,20;48,59,60,61,62,63,64,65,54,43,32,21,10,9,8,7
11,0,81,9;110,111,112,113,114,115,116,117,118,119,120,109,98,87,76,65,54,43,32,21,10,9,8,7,6,5,4,3,2,1,0,11,22,33,44,45,46,47,48,49,50,61;85,84,83,94,93,92,91,90,79,68,67;89,78,77,66,55,56,57,58,69,80;34,35,36,37,38,39,40,51;96,95,106,105,104,103,102,101,100,99,88;81,82,71,72,73,74,75,86,97,108,107;70,59,60;62,63,64,53,42,31,20,19,18,17,16,15,14,13,12;52,41,30,29,28,27,26,25,24,23
11,0,82,8;72,61,50,49,48,47,46,45,56,67,66,77,88,99,110,111;105,106,107,108,97,86,75,64,53,42,31;70,69,80;90,91,102,103,104,93,94,95,96,85,74,63,52,41,30,19,20,9;71,60,59,58,57,68,79,78,89,100,101,112,113,114,115,116,117,118,119,120,109,98,87,76,65,54,43,32,21,10;92,81,82,83,84,73,62,51,40,39,38,37,36,35,34,33,44,55;6,17,16,15,14,13,12;8,7,18,29,28,27,26,25,24,23,22,11,0,1,2,3,4,5
11,0,83,13;5,16,17,18,29,30,41,52;115,114,113,112,111,110,99,88,77,78;86,75,74;24,35,46,47,48,59,70;9,10,21,32,43;40,51,50,61;120,119,118,117,116,105,104,103,102,101,100,89;4,15,26,27,28,39;109,108,97,96,85,84,83,82,81,80,69,58,57,56,45,34,23;6,7,8,19,20,31,42,53,54;13,12,11,22,33,44,55,66,67,68,79,90,91,92,93,94,95,106,107;98,87,76,65,64,63,62,73,72,71,60,49,38,37,36,25,14,3;2,1,0
11,0,84,9;50,61,62,63,74,85,96,95,94,93,92;24,35,36,37,38,39,40,51,52;5,6,7,8,9,10,21,32,43,54,65,76,87,98,109,120,119,118,117,116,115,114,113,112;41,30,29,28,27,26,25,14,13,12,23,34,45,56,57,58;103,104,105,106,107,108,97,86,75,64,53,42,31,20,19,18,17,16,15,4,3,2,1,0,11,22,33,44,55,66,67,68,69,70,59,48,47,46;81,82,83,84;49,60,71,72,73;90,89,100,111;110,99,88,77,78,79,80,91,102,101
11,0,85,11;108,109,98,87,76,65,54,43,32,21,10,9,8,7,6,17,16,15,14,13,12,23,34,45,46,57;30,41,52,63,74,85,84,95,94;61,72,83;48,59,70,81,80,79,78,89,100,101,112;66,77,88,99,110,111;40,51,62,73;102,103,104,105,106,107,96,97,86,75,64,53,42,31,20,19,18,29,28,39,38,37,36,47,58,69,68;27,26,25,24,35;90,91,92,93,82,71,60,49,50;67,56,55,44,33,22,11,0,1,2,3,4,5;113,114,115,116,117,118,119,120
11,0,86,10;70,71,72,61,50,49,38;79,80,81,82,83,84,73,62,51,40,39,28;37,36,47,58,57,56,45,34,23,12,13,14,15,4,5,6,7,8,19,20,31,42,53,64,75,86,97,108,107;17,18,29,30,41,52,63,74,85,96,95,106,105,104,103,102,113,112;3,2,1,0,11,22,33,44,55,66,77,88,99,110;89,78,67,68,69;60,59,48;9,10,21,32,43,54,65,76,87,98,109,120,119,118,117,116,115,114;16,27,26,25,24,35,46;111,100,101,90,91,92,93,94
11,0,87,11;34,35,24,25,26,37,38,49,50,51,40,41,42,43,32,21,10,9;33,22,23,12,13,14,15,16,27,28,39;110,111,112,113,114,115,116,117,118,107,108,97,86,75,64,63,62,73,84;19,8,7;6,17,18,29,30,31,20;56,67,78,89,90,91,92,93,94,83,72,61;70,69,58,57,46,45;68,79,80,81,82,71,60,59,48,47,36;119,120,109,98,87,76,65,54,53,52;44,55,66,77,88,99,100,101,102,103,104,105,106,95,96,85,74;5,4,3,2,1,0,11
11,0,88,8;40,51,62,73,84;12,13,14,15,16,17,18,19,8,9;107,108,97,86,75,64,53,54,43,32,21,10;7,6,5,4,3,2,1,0,11,22;57,68,79,90,91,102,103,104,105,106,95,96,85,74,63,52,41,42;80,69,58,47;65,76,87,98,109,120,119,118,117,116,115,114,113,112,101,100,89,78,67,56,45,46,35,36,37,48,59,70,81,92,93,94,83,72,61,50,39,28,29,30,31,20;111,110,99,88,77,66,55,44,33,34,23,24,25,26,27,38,49,60,71,82
11,0,89,8;70,81,82;43,42,41,30,29,28,27,26,25,36,47,48,49,50,61,62,63,64,65,76,87,98,109,120,119,118,117,116,115;12,23,34,45,56,67,78,89,100,101,102,91,80,69,58,59,60,71,72,73;108,107,106,105,104;21,10,9,8,7,6,5,4,3,2,1,0,11,22,33,44,55,66,77,88,99,110,111,112,113,114,103,92,93,94,83,84,85,74;90,79,68,57,46,35,24,13,14,15,16,17,18,19,20,31,32;54,53,52,51,40,39,38,37;75,86,97,96,95
11,0,90,8;78,89,100,101,102,103;60,71,82,81,80;96,95,94,83;79,90,91,92,93,104,105,106,107,108,97,86,85,84,73,72,61,50;52,41,30,29,28,27,26,25,24,35,46;45,34,23,12,13,14,15,16,17,18,19,20,31,42,53,64,63,62,51,40,39,38,37,36,47,58,57;56,55,44,33,22,11,0,1,2,3,4,5,6,7,8,9,10,21,32,43,54,65,76,75,74;49,48,59,70,69,68,67,66,77,88,99,110,111,112,113,114,115,116,117,118,119,120,109,98,87
