10,0,1,9;62,72,82,92,93,94,95,96,97,98,99;81,71,61,51,52,53,54,44,45;89,88,78,68,58,48;32,22,23,24,25,26,27;83,84,85,86,87,77,67,57,47,37,36,35,34,33,43,42,41;38,28,18,17,16,15,14,13,12,11,21,31;55,65,64;79,69,59,49,39,29,19,9,8,7,6,5,4,3,2,1,0,10,20,30,40,50,60,70,80,90,91;63,73,74,75,76,66,56,46
10,0,2,10;67,57,47,37,27;51,52,42,32,33;98,99,89,79,69,59,49,39,29,19,9,8,7,6,5,4,3,2,1,0,10,20,30;82,83,84;88,78,77,76,66,56,46,36,26;50,40,41,31,21,22,23,24,25,35,45,55,54;87,86,85,75,74,73,72,71,81;68,58,48,38,28,18,17,16,15,14,13,12,11;97,96,95,94,93,92,91,90,80,70,60,61,62;65,64,63,53,43,44,34
10,0,3,11;36,35,34,33,32,22;74,64,63;82,72,73;51,41,31,21,11;69,59,49,39,29,19,9,8,7,6,5,4,3,2,1,0,10,20,30,40,50;90,80,70,60,61,62,52,42,43,44,45,46,47,37,27,26,25,24,23;66,76,77,87,88;12,13,14,15,16,17,18,28,38,48,58,57,56;86,85,84,83,93,92,91,81,71;94,95,96,97,98,99,89,79,78,68,67;75,65,55,54,53
10,0,4,8;22,23,24,25,26,27,37,47,48,58,68,78,88,87,86,96,95,94;29,19,9,8,7,6,5,4,3,2,1,0,10,20,30,40,50,60,70,80,90;43,53,63,62,72,82;66,65,55,45;44,54,64,74,73,83,93,92,91,81,71,61,51,52,42;84,85,75,76;97,98,99,89,79,69,59,49,39,38,28,18,17,16,15,14,13,12,11,21,31,41;77,67,57,56,46,36,35,34,33,32
10,0,5,11;4,5,15,16,17,18;89,79,78;93,92,91,90,80;86,76,66,56,46,45,44,54,53,52,51,50,40,30,20,10,0,1,2;55,65,64,63,62,61,60;81,82,83,84,94,95,96,97;70,71,72,73,74,75,85;99,98,88,87,77;3,13,14,24,25,26,27,28,38,48,58;32,22,23;12,11,21,31,41,42,43,33,34,35,36,37,47,57,67,68,69,59,49,39,29,19,9,8,7,6
10,0,6,9;27,17,7,6,5,4,3,2,1,11;99,89,79,69,59,49,39,29,19;73,72,82,92,93,94,95,96,97,98,88,78,68,58,48;41,51,52,53,54,44,34;74,75,76,66,56,57,47,37,38,28,18,8,9;67,77,87,86,85,84,83;42,43,33,23,24,25,35;0,10,20,21,22,12,13,14,15,16,26,36,46,45,55,65,64,63,62,61,71,81;91,90,80,70,60,50,40,30,31,32
10,0,7,11;9,8,7,6;20,10,0,1,2,3,4,5;30,40,50,60,61,62,63,64,54,44,34,33;28,38,48,47,46,56,66;23,22,32,42,43;15,14,13,12,11,21,31,41,51,52,53;27,37,36,35,45,55,65,75,74,73,72,82,81;71,70,80,90,91,92;83,84,85,86,76,77,67,57;93,94,95,96,97,98,99,89,79,69,59,49,39,29,19,18,17,16,26,25,24;87,88,78,68,58
10,0,8,10;86,87,88,78,68,58,48,38,28,18;77,67,57,47,37,27,17,16,15,14,13,12,11,21;31,41,51,61;64,63,62,52,42,32,22,23,24,25,26,36;76,66,56,46,45,44;54,53,43,33,34,35;55,65,75,85,95;71,72,73,83;91,90,80,70,60,50,40,30,20,10,0,1,2,3,4,5,6,7,8,9,19,29,39,49,59,69,79,89,99,98,97,96;81,82,92,93,94,84,74
10,0,9,10;10,11,21,22,32;63,53,43,42;40,50,60,70,80,90,91,92,93,94,95,96,97,98,99,89,79,78,77,76,75,74,64,54,44,34,24,14,4,3;25,15,5,6,7,8,9,19,29,28;33,23,13,12,2,1,0;69,59,49,39,38;61,71,81,82;18,17,27,37,47,48,58,68,67,66,65,55,45,35;20,30,31,41,51,52,62,72,73,83,84,85,86,87,88;16,26,36,46,56,57
10,0,10,9;9,8,18,28;61,60,50,40,30,20,21,11,12,13,14,15,16,26,36,46,47;42,43,53,63,64,65,66,76,77,78;10,0,1,2,3,4,5,6,7,17,27,37,38,48,58,68,69,79,89,99,98,97,96,95,94,93,92;75,74,73;59,49,39,29,19;88,87,86,85,84,83,82,81,91,90;45,35,25,24,23,22;80,70,71,72,62,52,51,41,31,32,33,34,44,54,55,56,57,67
10,0,11,10;90,91,92,93,94,95,96,97,98,99;3,2,12,11,21,31;26,25,35,45,44,54,64,74,84,83,82,81,80,70,60,61,62,52,42,41;51,50,40,30,20,10,0,1;37,47,57,67,66;9,8,18;71,72,73,63,53,43,33,34,24,14,15,16;76,77,78,68,58,48,38,28,27,17,7,6,5,4;36,46,56,55,65,75,85,86,87,88,89,79,69,59,49,39,29,19;13,23,22,32
10,0,12,10;3,2,1,0,10,20,30,40,50;9,19,29,28,38,48,58,68,69,79,89,99,98,97,96,95,94,93;39,49,59;18,17,27,37,47,57,67,77,78,88;32,22,23,24,25,35,45,55,65,64;33,43,42;4,5,6,7,8;52,62,72,71,81;84,83,82,92,91,90,80,70,60,61,51,41,31,21,11,12,13,14,15,16,26,36,46,56,66,76,86,87;34,44,54,53,63,73,74,75,85
10,0,13,11;81,82,83,84,74,64,54,44,34;8,9,19,29,39,49,59,58,57,56,55;45,46,47,37,27,26,16,15,14,13,12,11,21,20,30,40,50,60,70,80,90,91,92,93,94,95;23,22,32,31,41,51,61;99,98,88,78,77,76,86;87,97,96;85,75,65,66,67,68,69,79,89;36,35,25,24;33,43,53,63,73;71,72,62,52,42;10,0,1,2,3,4,5,6,7,17,18,28,38,48
10,0,14,11;61,62,63;9,8,7,6,5,4,3,2,1,0;99,98,97,96,86,76,77,78,68,58,48,38,28,27,26,36,46,56,55,54;50,51,52,53,43,33,34,24,25;44,45,35;32,42,41;37,47,57,67,66,65,75,85,95,94,93,92,91,90;87,88,89,79,69,59,49,39,29,19,18,17,16,15,14,13,12,11,10,20;23,22,21,31,30,40;71,72,73;64,74,84,83,82,81,80,70,60
10,0,15,9;90,80,70,60,50,51,41,31,32,22,23,24,25,26,27,37,38,48,58,68,78,88,98;87,77,67,57,47,46,36,35,34,33,43,42;91,81,71,61,62,52,53,54,44,45;92,82,72,73,63,64,65,55,56;66,76,86,96,97;99,89,79,69,59,49,39,29,19,9,8,7,6,5,4,3,2,1,0,10,20,30,40;28,18,17,16,15,14,13,12,11,21;75,74,84,83,93;85,95,94
10,0,16,12;9,19,18,17,16;14,24,34,35,45,46,47,57,67,68,78;0,10,11;8,7,6;12,2,1;90,91,92,93,83;42,32,22,21,20,30,40,50,60,70,80,81,82,72,73,74,84,94,95;71,61,62,63,64,65,75,85,86,96;49,39,29,28,27;31,41,51,52,53;3,13,23,33,43,44,54,55,56,66,76,77,87,97,98,99;4,5,15,25,26,36,37,38,48,58,59,69,79,89,88
10,0,17,8;55,65,75,85;19,9,8,7,6,5,4,3,2;77,67,57,47,37,36,35,34,44,54;31,30,40,50,60,70,80,90,91,92,93,83,73,72,62,52,42;82,81,71,61,51,41;45,46,56,66,76,86,87,88,78,68,58,48,38,28,18,17,16,15,14,13,12,11,1,0;27,26,25,24,23,22,21,20,10;32,33,43,53,63,64,74,84,94,95,96,97,98,99,89,79,69,59,49,39,29
10,0,18,12;38,37,27,26,25;17,18,28;16,6,7,8,9,19,29,39,49,59,69,79,89,99,98,97,96;67,77,76,75,65,55,45,44,34,24,23,22,32;14,13,12,11,21,31,41,40;81,82,83,84,74,64,54;68,78,88,87,86,85,95,94,93,92,91,90,80,70,60,50,51;66,56,57,58;30,20,10,0,1,2,3,4,5,15;33,43,53,63,73,72,71,61;42,52,62;35,36,46,47,48
10,0,19,8;55,54,53,52,51;2,1,0,10,20,30,40,50,60,61;11,21,31,41,42;63,73,74,75,76,77,67,57,47,37,36,35,34,24,23;9,8,7,6,5,4,3;71,72,62;64,65,66,56,46,45,44,43,33,32,22,12,13,14,15,25,26,27,28,38,48,58,68,78,88,87,86,85,84,83,82,81;16,17,18,19,29,39,49,59,69,79,89,99,98,97,96,95,94,93,92,91,90,80,70
10,0,20,9;54,44,45,46,47,48,49,39,29,19,9;68,67,77,76,86,85,84,83,82,81,71,70,60,50,40,30,20,10,0,1,2,3,4,5,6,7,17,27;34,24,23,22,32,42,52,62,72,73,74,75,65,55;78,88,87;79,89,99,98,97,96,95,94,93,92,91,90,80;64,63,53,43,33;66,56,57,58,59,69;16,26,36,37,38,28,18,8;61,51,41,31,21,11,12,13,14,15,25,35
10,0,21,9;15,25,35,45,55,54,53,63,73,83,82,81,71;78,88,87,86;79,89,99,98,97,96,95,85,75,76,77,67,57,47,37,27,17,7,6,5,4,3,2,1,0,10,20;72,62,52,42,43,44,34,24,23,22,21;11,12,13,14;9,19,29,39,49,59,69,68;61,51,41,31,32,33;30,40,50,60,70,80,90,91,92,93,94,84,74,64,65,66,56,46,36,26,16;8,18,28,38,48,58
10,0,22,9;76,75,65;55,56,66,67,68,58,48,38,37;99,98,97,96,95,94,93,92,91,90,80,70,60,50,40,30,20,10,0,1,2,3,4,5,6;88,89,79,69,59,49,39,29,19,9;64,63,53,43,33;8,18,28,27,26,36;78,77,87,86,85,84,83,82,81,71,61,51,41,31,21,11,12,13,14,15,16,17,7;57,47,46,45,35,25,24,23,22,32,42,52,62,72,73,74;54,44,34
10,0,23,8;30,40,50,60,70,80,90,91,92,93,94,95,96,97,98,99,89,79,69,59,49,48,47,46,56,66,65,64,54;33,23,13,14,15,16,17;57,58,68,78,88,87,86,85,84,83,82,72;67,77,76,75,74,73,63,62,52;11,12,22;53,43,44,34,24,25,26,27,28,18,8,7,6,5,4,3,2,1,0,10,20,21,31,32;42,41,51,61,71,81;9,19,29,39,38,37,36,35,45,55
10,0,24,12;44,34,33,23;82,83,84,85,86,87,88,78,68,67;81,91,92,93,94,95,96,97,98,99,89,79,69,59,49,39,29;90,80,70,71;19,18,17,27;22,32,42,43;36,35,45,55,54,53,52,51,41,31;72,73,74,75,76,77;9,8,7,6;26,25,24,14,13,12,11,21,20,30,40,50,60,61,62,63,64,65,66,56,46,47,37;57,58,48,38,28;16,15,5,4,3,2,1,0,10
10,0,25,11;37,27,26,25,24,34;0,1,11,21,31,41,40;47,48,58,68,78,88,87,86,85,84,83,82,81,71,70,60,50;61,62,72,73,74,75,65,66,56,46,36,35;30,20,10;76,77,67,57;53,43,44,45;19,9,8,7,6,5,4,3,2,12,22,32,42,52,51;63,64,54,55;38,39,49,59,69,79,89,99,98,97,96,95,94,93,92,91,90,80;33,23,13,14,15,16,17,18,28,29
10,0,26,10;17,7,8,9;15,14,13,12;38,48,58;60,61,62,52,42,41;32,22,23,24,25,35,36,37,47,57,67,68,69,59,49,39,29;19,18,28,27,26,16,6,5,4,3,2,1,0,10,20,30,40,50,51;11,21,31;54,64,74,84,83,82,81;34,44,45,55,65,75,85,86,87,88;33,43,53,63,73,72,71,70,80,90,91,92,93,94,95,96,97,98,99,89,79,78,77,76,66,56,46
10,0,27,9;91,90,80,70,60,50,40,30,20,10,0,1,2,3,4,5,6,7,8,18,28;54,44,34,24,25,26,27,17;12,11,21,31,41,51,61,71,81,82,92,93,94,95,85,75;77,78,68,58,48,38,37,36,35;65,55,45,46,47,57,67;22,32,42,52,62,72,73,83,84;87,88,89,79,69,59,49,39,29,19,9;16,15,14,13,23,33,43,53,63,64,74;56,66,76,86,96,97,98,99
10,0,28,9;27,37,47,48,58,68,78,77,76,75,85;94,95,96,86,87,88,89,79,69,59,49,39,29,19,9,8,7,6,5,4,3,2,1,0,10,20,30,40,41,51,61,71,81,82;44,43,33,32,31,21,11,12,13,14,15,25,26,36;99,98,97;62,52,42;46,45,35,34,24,23,22;50,60,70,80,90,91,92,93,83,84,74,64,65,66,67;57,56,55,54,53,63,73,72;16,17,18,28,38
10,0,29,10;50,40,30,20,10,0,1,2,3,4,5,6,7,8,9;49,59,69,79,89,99,98,97,96,95;77,67,57,56,55,45,44;46,36,26,27,28;14,24,23,22,32,42,43,53,54,64,65,66,76,86,85;47,37,38,39,29,19,18,17,16,15,25,35,34,33;87,88,78,68,58,48;75,74,84,94,93,92,91,90,80,70;63,73,83,82,81,71,61,60;13,12,11,21,31,41,51,52,62,72
10,0,30,11;2,12,11;75,76,77,67,57,47,37,27,26,16,15,14;80,81,71,72;83,82,92,91,90;53,54,64;62,63,73,74,84,85,86,87,88,78,68,58,48,38,28,18,17,7,6,5,4,3,13,23,22,21,31,41,42,43;8,9,19,29,39,49,59,69,79,89,99,98,97,96,95,94,93;70,60,61;52,51,50,40,30,20,10,0,1;66,56,46,36,35,25,24;32,33,34,44,45,55,65
10,0,31,10;67,66,56,46,36,35,25,15,5,6,7,17,18,28;8,9,19,29,39,38,48,58;81,82,83;4,3,2,12,11,21,31,41,51,61,62,63,64,54;68,78,88,87,86,85,84,74,73,72,71;77,76,75,65,55,45,44,43,53;49,59,69,79,89,99,98,97,96,95,94,93,92,91,90,80,70,60,50,40,30,20,10,0,1;16,26,27,37,47,57;33,34,24;14,13,23,22,32,42,52
10,0,32,11;93,92,91;52,51,50,60,70;78,88,87,86,85,75;71,61,62,63,53,54,55;37,36,35,34,33,32,31,21;8,7,6,5,4;76,77,67,68,69,59,49,39,29,28,27,26,25,24,23,22,12,11;90,80,81,82,72,73,74,64,65,66,56,57,58,48,38;79,89,99,98,97,96,95,94,84,83;9,19,18,17,16,15;14,13,3,2,1,0,10,20,30,40,41,42,43,44,45,46,47
10,0,33,11;63,62,52;48,47,37,27,26;12,13,3,4,5,6,7,8,9,19,29,39,49,59,69;64,54,53,43,42,41,51,61;79,78,68,58,57,56,46,36,35,25;84,83,82,81,80;16,17,18,28,38;99,98,97,96,86,76;90,91,92,93,94,95,85,75,74,73,72,71,70,60,50,40,30,20,10,0,1,2;89,88,87,77,67,66,65,55,45,44,34,33,32,31,21,11;22,23,24,14,15
10,0,34,11;49,39,29,19,9,8,7;22,23,13,14,15,25,26,27;57,67,77,76,75,65,55,54,53;68,78,88,87,86,85;93,92,91,90,80,70,60,50,40,30,20,10,0,1;63,64,74,84;17,18,28,38,48,58,59,69,79,89,99,98,97,96,95,94;47,37,36,35,34,24;41,51,61,71,81,82;83,73,72,62,52,42,43,44,45,46,56,66;33,32,31,21,11,12,2,3,4,5,6,16
10,0,35,10;68,67,66,76,75;77,78,88;93,94,95,96,97,98,99,89,79,69,59,58,57;62,52,42,32,22,12,13,14,15,25,26,27;81,71,61,51,41,31,21,11,1,2,3,4,5,6,7,8,9,19,29,39,49,48,47,37;24,34,35,36,46,56,55,65;87,86,85;45,44,54,64,74,84,83;16,17,18,28,38;0,10,20,30,40,50,60,70,80,90,91,92,82,72,73,63,53,43,33,23
10,0,36,12;99,89,79,69,68,67;40,41,51,61,71,81,82,83,84;35,45,46,47,48,38,28,29;19,18,17,27,37,36;0,10,20,30;26,25,24;54,44,34,33,23,22,12,11,1;9,8,7,6,16,15,14,13;43,53,63,64,65,55;39,49,59,58,57,56,66,76,77,78,88,98,97,96,95,94,93,92,91,90,80,70,60,50;5,4,3,2;21,31,32,42,52,62,72,73,74,75,85,86,87
10,0,37,10;21,31,41,51,61,71,81,82;11,12,22,32,42,52,62,72;83,84,94;29,28,18,17,16,15,25,35,45,55,56;99,89,79,69,59,49,39;19,9,8,7,6,5,4,14,24,34,44,54,64,65,66,67,77,87;97,98,88,78,68,58,48,38,37,27;85,75,74,73,63,53,43,33,23,13,3,2,1,0,10,20,30,40,50,60,70,80,90,91,92,93;57,47,46,36,26;95,96,86,76
10,0,38,11;70,80,90,91,92,82,72;24,25,35;32,22,12,2,1,0,10,20,30,40,50,60,61,71,81;18,17,16,15,14,13,23,33,34,44,45,46,56,57,58,68,78,88;38,28,27,26;75,74,64,63,62,52,51,41,31,21,11;36,37,47,48;5,4,3;93,94,95,96,97,98,99,89,79,69,59,49,39,29,19,9,8,7,6;87,77,67,66,65,55,54,53,43,42;73,83,84,85,86,76
10,0,39,9;44,54,55,56,57,67;34,35,45,46,47,48,58,68;99,98,97,96,95,94,93,92,82,81,71;0,10,20,30,40,50,51,52,53,63,64,65,66;74,75,76,77,78,79,69,59,49,39,38,37,36;25,24,23,33,43,42,41,31,21,11,1,2,3,4,5,6,7,17,18,28,29;32,22,12,13,14,15,16,26,27;91,90,80,70,60,61,62,72,73,83,84,85,86,87,88,89;19,9,8
10,0,40,9;25,24,23,22;9,19,29,39,38;92,82,83,84,85,86,87,88,78,68,58,57,56,46,36,26,16,15,14,13,12,11,21,31,32;91,90,80,70,60,50,51,41,42,43,33,34,35,45,55,65,66,67,77;76,75,74,73,72;8,18,28;64,63,62,61,71,81;52,53,54,44;93,94,95,96,97,98,99,89,79,69,59,49,48,47,37,27,17,7,6,5,4,3,2,1,0,10,20,30,40
10,0,41,8;54,53,43,33,34,35,36,37,38,28,18;58,59,69,79,89,99,98,97,96,95,94,93,92,91,90,80,70,60,61,51,41,31,21,11,12,13,14,15,16,17,27;63,64,65,55;26,25,24,23,22,32,42,52,62,72,71;68,78,88;66,76,75,74,73,83,82,81;84,85,86,87,77,67,57,56;50,40,30,20,10,0,1,2,3,4,5,6,7,8,9,19,29,39,49,48,47,46,45,44
10,0,42,11;36,46,47,48,58,59;69,79,89,99,98;2,3,4,5,6,7,8,9,19;82,81,71,61,51,41,31,21,22,23;13,12,11,1;68,78,88,87,97,96,95,94,93,92,91,90,80,70,60,50,40,30,20,10,0;66,65,64,63,53,43,33;49,39,29,28,18,17,16,15,14,24,34,44,54,55;45,35,25,26,27,37,38;83,84,85,86;56,57,67,77,76,75,74,73,72,62,52,42,32
10,0,43,9;78,77,76,75,85,84,83,82,81,71,61,51,41,31,21,22;88,87,86;11,12,13,23,33,34,35,36,37,27;95,94,93,92,91,90,80,70,60,50,40,30,20,10,0,1,2,3,4;19,9,8,7,6,5,15,14;24,25,26,16,17,18,28,38,48,47,46,45,44,43,53,63,73,72;96,97,98,99,89,79,69,68,67,66,65;62,52,42,32;29,39,49,59,58,57,56,55,54,64,74
10,0,44,10;41,31,32,22,23;55,56,46,36;73,74,75,85,86,87,88,98;47,37,27;16,26,25,35,45,44,54,64,65,66,76,77,78,79,89,99;15,14,24,34,33,43,42,52,51,61,71,81;57,58,48,38,28,18,17;97,96,95,94,93,92,91,90,80,70,60,50,40,30,20,10,0,1,2;21,11,12,13,3,4,5,6,7,8,9,19,29,39,49,59,69,68,67;53,63,62,72,82,83,84
10,0,45,9;29,19,9,8,7,6,5,4,3,2,1,0,10,20,30,40,50,60,61,62,63,64,74,75,76,77,87;13,12,11,21,31;56,46,36,37,38,39,49,59,69,79,89,99,98,97,96,95,94,93,92,82,81;91,90,80,70,71,72,73,83,84,85,86;47,48,58,68,78,88;28,18,17,16,15,14,24,23,22,32,42,43;27,26,25,35,34,33;44,54,53,52,51,41;45,55,65,66,67,57
10,0,46,12;58,48,47,46,36,35,34,24,14,13,12,11,21,31;68,69,59,49,39,29,19,9,8,7,6,16;60,50,51,52,62,72;88,87,77,67;94,93,92,91,90,80,70;17,18,28,38;63,73,74,75,85;32,42,41,40,30,20,10,0,1,2,3,4,5,15,25,26,27,37;86,76,66,65,64,54,53;57,56,55,45,44,43,33,23,22;61,71,81,82,83,84;95,96,97,98,99,89,79,78
10,0,47,8;14,13,12,11,21,31,41,51,52,62,72,82,83,93,94,95,96,97,98,99,89,79,78,77,76,75,65,64;43,53,63,73,74,84,85,86,87,88;54,55,56,57,58,48,49,39,29,19,9,8,7,6,5,4,3,2,1,0,10,20,30,40,50,60,61,71,81,91,92;18,28,27,26,36,35,34,33;90,80,70;17,16,15,25,24,23,22,32,42;59,69,68,67,66;44,45,46,47,37,38
10,0,48,9;50,60,70,80,90,91,92,93,94,95,96,97,98,99,89,79,69,59;38,28,18,17,16,6,5,4,3,13,12,11;55,54,53,52,51;14,15,25,26,27;47,57,67,77,76,75,74,73,72,62;61,71,81,82,83,84,85,86,87,88,78,68,58,48,49,39,29,19,9,8,7;30,31,32,33,34,35,36,37;63,64,65,66,56,46,45,44,43,42,41,40;24,23,22,21,20,10,0,1,2
10,0,49,12;36,46,47;0,10,20,30,40,41,51,61,71,81,91,92,93,94,95,96,97,87,88,78,68,58,57,56,66,65,64;34,44,43,42,32,31,21,11;86,85,84,83,82,72,62,52;67,77,76,75,74,73;1,2,12,22,23,33;50,60,70,80,90;98,99,89,79,69;59,49,39,29,19,9,8,7,6,5,4,3,13;25,26,27,37,38,48;28,18,17,16,15,14,24;63,53,54,55,45,35
10,0,50,8;18,17,16,15,14,13,12,11,21,31,41,51,61,71,81,82;37,47,46,45,35,34;33,43,44,54,55,56,66,76,86,96,97,98,88,78,68,58,48,38,28,27,26,36;57,67,77,87;25,24,23,22,32,42,52,62,72,73,83;84,74,75,65;64,63,53;85,95,94,93,92,91,90,80,70,60,50,40,30,20,10,0,1,2,3,4,5,6,7,8,9,19,29,39,49,59,69,79,89,99
10,0,51,9;95,85,75,65,66,67,68,58,48,38,28,18,17,16,15,14;77,76,86;54,64,74,84,94,93,92,91,90,80,70,60,61,51,41;11,21,31;71,72,62;46,36,35,34,33,32,22,12,2,1,0,10,20,30,40,50;98,99,89;52,53,63,73,83,82,81;42,43,44,45,55,56,57,47,37,27,26,25,24,23,13,3,4,5,6,7,8,9,19,29,39,49,59,69,79,78,88,87,97,96
10,0,52,10;13,3,2;52,51,50,60,70,80;90,91,81,82,72,73,74,84,94,95,96,97,98,99,89,79,69,59,49,39,29,19,9,8,7,6,5,4,14,24,23,22,12,11,1;44,45,46,36;71,61,62;21,31,32;92,93,83;0,10,20,30,40,41,42,43,33,34,35,25,26,27,37,47,57,67;63,64,65,75,85,86,87,88;53,54,55,56,66,76,77,78,68,58,48,38,28,18,17,16,15
10,0,53,11;59,69,79,89,99,98,97,96,95;14,4,5,6,7,8,9,19,29,39,49,48,58,68,78,88,87,86,85,84,94,93,92,91,90,80,70,60,50,51,52,53;66,76,77;20,30,40,41,42,43,44;31,21,11,10;81,71,61;56,57,67;15,16,17,18,28,38,37,47,46,45,55,65,75,74,73,83,82;72,62,63,64,54;0,1,2,12,22,32,33,34,35,36;3,13,23,24,25,26,27
10,0,54,9;65,55,45;52,53,43,44,34,35,36,26,27,28,29,19,9,8,7,6,5,4,3,2,1,0;22,21,31,41,51,61;57,67,77,87,86,85,84,83,82,92,91;18,17,16,15,25,24,23,33,32,42;48,58,68,78,88;70,60,50,40,30,20,10,11,12,13,14;90,80,81,71,72,73,74,75,76,66,56,46,47,37,38,39,49,59,69,79,89,99,98,97,96,95,94,93;62,63,64,54
10,0,55,8;66,56,46,45,35,25;18,8,7,6;14,13,23,33;11,21,31,41,51,61,71,81,82,92,93,94,95,96,97,98,99,89,79,69,59,49,39,29,19,9;1,0,10,20,30,40,50,60,70,80,90,91;52,62,72,73,83,84,85,86,87,88,78,68,58,48,38,28,27,17,16;15,5,4,3,2,12,22,32,42,43,53,63,64,74,75,76,77,67,57,47,37,36,26;24,34,44,54,55,65
10,0,56,11;96,97,98,99,89,79,69,59,49,39,29,28,27,26;23,33,43,53,63,73;51,61,71,81,82,83,84;19,9,8,7,6,5,4,3,2,1,0,10,20,21;56,46,36;48,58,68,78,88,87,86,76,66,65,55,45,35;41,42,52,62,72;18,17,16,15,25,24,34,44,54,64,74,75,85,95;14,13,12,11;22,32,31,30,40,50,60,70,80,90,91,92,93,94;38,37,47,57,67,77
10,0,57,10;56,55,45,35,34,24,23,22,32,42,52,62,72,73,83,93,94,95,96,97,98,99,89,79,69,59,49,39,29;48,38,37;53,63,64,74,84,85,86;28,27,26,25;36,46,47,57,58;78,68,67,66;65,75,76,77,87,88;19,18,17,16,15,14,13,12,11,21,31,41,51,61,71,81,82;9,8,7,6,5,4,3,2,1,0,10,20,30,40,50,60,70,80,90,91,92;33,43,44,54
10,0,58,11;38,28,18;73,72,62;78,88,87,86,85;41,42,43,44,54,55,65,75,76,77,67,68,58,48,49,39,29;59,69,79,89,99,98,97,96,95,94;25,24,23,22,21,20,10,0,1,2,3,4,5,6,7,17,27,37,47,57,56,66;46,45,35,34,33,32,31,30,40,50,60,70,80,90,91;36,26,16,15,14,13,12,11;92,82,81,71,61;93,83,84,74,64,63,53,52,51;19,9,8
10,0,59,8;64,54,44,45,35,36,26,16,6,5,4,3,2,1,0,10,20,30;40,41,31,21,11,12,13,14,15;49,59,69,79,89,99;18,28,27,37,47,46,56,55,65,75,74,73,72,82,81;17,7,8,9,19,29,39,38,48,58,68,78,88,98,97,96,95,94,93,92,91,90,80,70,60,50,51,52,42,32,22,23;66,76,86,85,84,83;57,67,77,87;71,61,62,63,53,43,33,34,24,25
10,0,60,11;93,92,82,72,62;3,13,14,24;94,84,83,73,63,53,52;99,98,97,96,95,85,75,74,64,54,55,56,57,47,37,27,26,25,35,34,33,23,22,12;2,1,11,21,31,32,42,43,44,45,46,36;67,68,58,48,38,28,18,17,16,15;41,51,61,71,81,91;90,80,70,60,50,40,30,20,10,0;89,88,87,86;49,39,29,19,9,8,7,6,5,4;65,66,76,77,78,79,69,59
10,0,61,10;96,97,98,99,89,79;64,63,73,72;22,32,42,52,62;45,55,65,66;7,8,9,19,29,39,49,59,69,68,67,77,76,75,74,84,83,82,81,71,61,51,41,31,21,11,12,13,23,33,43,53,54;46,56,57,58;14,24,34,44;47,48,38,28;78,88,87,86,85,95,94,93,92,91,90,80,70,60,50,40,30,20,10,0,1,2,3,4,5,6,16,26;15,25,35,36,37,27,17,18
10,0,62,8;92,91,90,80,70,60,50,40,30,31,32,33,34,44;81,71,61,51,41,42,43,53,63,73,74,84;96,86,87,88,78,68,58,48,38,28,18,17,16,15,14,13,12,11;52,62,72,82,83,93,94,95;35,45,55,54;97,98,99,89,79,69,59,49,39,29,19,9,8,7,6,5,4,3,2,1,0,10,20,21,22,23,24,25,26,27,37,47,57,67,77,76;64,65,75,85;36,46,56,66
10,0,63,9;83,73,63,53;51,41,31,21,11;47,46,45,55,54,64,74,84,94,93,92,91,90,80,70;44,43,42,52,62,72,82;56,66,65,75,85,95,96,97,98,99,89,79,69,59,49,39,29,19,18,17,16,15,14;9,8,7,6,5,4,3,13,23,24,25,26;77,67,57;28,38,48,58,68,78,88,87,86,76;81,71,61,60,50,40,30,20,10,0,1,2,12,22,32,33,34,35,36,37,27
10,0,64,8;11,21,31,41,42;52,51,50,40,30,20,10,0,1,2,12,22,32,33,43,44;26,27,37,47,57,67,77,76,86,85;63,64,65,66,56,46,36;14,15,25;75,74,84,83,82,81,71;53,54,55,45,35,34,24,23,13,3,4,5,6,7,8,9,19,29,39,49,59,69,79,89,99,98;16,17,18,28,38,48,58,68,78,88,87,97,96,95,94,93,92,91,90,80,70,60,61,62,72,73
10,0,65,10;63,53,54,55,45;40,50,60,70,80,90,91,92,93,94,95,96,97,98,99,89,79,69,59,49,39,29,19,9,8,7,6,5,4,14,24,25,26,27,37,47,57,67,77,76,75,65;32,33,23,13,3;41,31,30,20;64,74,73,83;81,71,61,51,52,42,43,44,34,35,36,46,56,66;62,72,82;0,1,2,12;84,85,86,87,88,78,68,58,48,38,28,18,17,16,15;22,21,11,10
10,0,66,9;13,23,22,32,42,52,62,72;48,38,39;73,63,53,43,33,34,24,14,4,5,6,7,8,9,19,29;55,65,66,67;15,25,35,45,44,54,64,74,75,76,77;49,59,69,79,89,99,98,97,96,95,94,93,92,91,90,80,70,60,50,40,30,20,10,0,1,2,3;12,11,21,31,41,51,61,71,81,82,83,84,85,86,87,88,78,68;17,16,26,36,46,56;58,57,47,37,27,28,18
10,0,67,11;21,31,41,51,52,53,54,64,74,84,94,95,96,97,98,99;24,25,26,36,46,56,55,65,75,76;35,45,44;82,81,80;34,33,23,22,12,11,10,20,30,40,50,60,61,62,63;88,89,79,69,59,49,39,29,19,9;43,42,32;13,14,15,16,17,27,37,47,57,67,66;90,91,92;85,86,87,77,78,68,58,48,38,28,18,8,7,6,5,4,3,2,1,0;93,83,73,72,71,70
10,0,68,7;49,39,29,19,18,17,16,15,14,13,12,22,32,33,34,35,36,37,47,57,67,68,78,79,89,99,98,97,96,95;46,56,55,54,53,52,51,61,71,81;69,59,58,48,38,28,27,26,25,24,23;77,76,66,65,64,63,62,72,82,92,91,90,80,70,60,50,40,30,20,10,0,1,2,3,4,5,6,7,8,9;88,87,86,85,84,94;45,44,43,42,41,31,21,11;93,83,73,74,75
10,0,69,11;63,64,74,84,94,95,96,97,98,88,78,68,58,48,38,39,29,19,9,8,7,6,5,4,3,13;60,70,80,90,91;23,24,34,35,36,46,56,66,76;28,18,17,16;99,89,79;93,83,73,72,62;14,15,25,26,27,37,47,57,67,77,87,86,85,75,65;69,59,49;2,1,0,10,20,30,40,50,51,61,71,81,82,92;12,11,21,31,41,42,52,53,54,55,45;44,43,33,32,22
10,0,70,12;18,17,27,37,47;88,78,68,67,66,65;92,91,90,80,70,71,72,73,63,53,43;13,3,4,5,6,7,8,9,19,29,39,49,59,69,79,89,99,98,97,96,95,94,93,83,82,81;62,52,42,32,33,34,44;45,35,25;28,38,48,58,57,56,46,36,26,16,15,14,24,23;22,12,2;1,11,21,31,41,51;75,76,77,87;0,10,20,30,40,50,60,61;86,85,84,74,64,54,55
10,0,71,8;51,50,60,70;82,83,84,74;67,77,76,75;31,21,11,12,13,14,15,16,17,18,28,38,48,58,68,78,88,87,86,85,95,94,93,92,91,90;72,73,63,64,54,44;57,47,37,27,26,25,24,23,22,32,42,41,40,30,20,10,0,1,2,3,4,5,6,7,8,9,19,29,39,49,59,69,79,89,99,98,97,96;45,55,65;66,56,46,36,35,34,33,43,53,52,62,61,71,81,80
10,0,72,11;56,57,67,77,76,86,85,84,83,93,92,91,81,71,61,62,63,64;4,3,2,1,0,10,20,30,40;19,9,8,7,6,5,15,14,13,23,22,32;27,26,25,24,34,44;29,28,18,17,16;31,21,11,12;82,72,73,74,75,65,66;58,68,78,88,87,97,96,95,94;39,38,37,36,35,45,55,54,53,52;98,99,89,79,69,59,49,48,47,46;33,43,42,41,51,50,60,70,80,90
10,0,73,9;87,77,67,66,65,64,63,62,61,60,50;88,78,68,58,57,47,37,27,17,16,15,25,24,23,22,21,11;81,82,83,84,85,86;48,38,28,18,8,7,6,5,4,3;33,34,35,45;40,41,51,52,53;31,30,20,10,0,1,2,12,13,14;32,42,43,44,54,55,56,46,36,26;76,75,74,73,72,71,70,80,90,91,92,93,94,95,96,97,98,99,89,79,69,59,49,39,29,19,9
10,0,74,10;91,81,71,61,51,41,42,43,53,54;58,48,49,39,29,19,9,8,7,6,5,4,3,2,1,0,10,20,21,22,23,24,25,35,45,44;90,80,70,60,50,40,30,31,32,33,34;84,85,86,87,88,78,79,69,59;47,37,38,28,18,17,16,15,14,13,12,11;66,76,77;68,67,57,56,55,65,75,74,73,72,82,92;83,93,94,95,96,97,98,99,89;27,26,36,46;64,63,62,52
10,0,75,10;47,57,56,55,54,44,43,42,41,31,21;28,18,17,16;89,88,87,86,85,84,83,82,81,71;20,30,40,50,60,70,80,90,91,92,93,94,95,96,97,98,99;27,37,38;22,32,33,34,35,45;51,52,53,63,64,65,66,67,68,58,48,49,39,29,19,9,8,7,6,5;0,10,11,12,13,23,24;59,69,79,78,77,76,75,74,73,72,62,61;1,2,3,4,14,15,25,26,36,46
10,0,76,8;66,65,75;23,13,12,11,21,31,41,51,61,71,81,82;44,54,55,56,57,47,37,27;16,17,18,28,38,48,58,68,78,88,87;45,46,36,26,25,15,5,6,7,8,9,19,29,39,49,59,69,79,89,99,98,97,96,95,94;53,63,64,74,84,85,86,76,77,67;43,42,52,62,72,73,83,93,92,91,90,80,70,60,50,40,30,20,10,0,1,2,3,4,14,24,34,35;33,32,22
10,0,77,11;85,75,65,55,56,57;44,34,33,23,22;68,67,66,76,86,87,88,89,99;72,73,74,64,54,53,43,42,41,40,30,20,10,0,1,2,3,4,5,15,16,17,27;32,31,21;52,51,50,60,70,80,90,91,92,93,94,95,96,97,98;46,45,35,25,24,14,13,12,11;6,7,8,9,19,29,39,49;84,83,82,81,71,61,62,63;18,28,38;26,36,37,47,48,58,59,69,79,78,77
10,0,78,10;37,36,46,56,66;71,81,82,83;1,0,10,20,30,40,50,51,52,53,63,73,74,84,85,86,87,88,78;76,77,67,57,58,59,49,39,29,19,9,8,7,6;2,3,13,23,33,34,35,45,55,65,75;32,22,12;72,62,61,60,70,80,90,91,92,93,94,95,96,97,98,99,89,79,69,68;4,14,24,25,26,27;11,21,31,41,42,43,44,54,64;47,48,38,28,18,17,16,15,5
10,0,79,11;89,79,69,59,49,48,47,46;99,98,88,78,77,67,66,65,64,74,84,83,82,81;86,87,97;53,63,73,72,71,61,51,41,31,32,22;96,95,94,93,92,91,90,80,70,60,50,40,30,20,21,11,12,13,14,15,16,26,36,37,38,39,29,19,9;27,17,7,6,5,4,3,2,1,0,10;68,58,57,56,55;8,18,28;76,75,85;23,24,25,35,45,44,54;62,52,42,43,33,34
10,0,80,11;28,29,39,49,59,69,79,89,88,87;18,17,27;14,4,3,2,1,0,10,20;37,38,48,58,68,78,77;22,32,33,43,53,63,64,65,66,67,57,47,46,45,35;40,50,60,70,80,90,91,92,93,94,95,96,97,98,99;21,11,12,13,23,24,25,15,5,6,7,8,9,19;85,84,83,82,81,71,61,51,41,31,30;56,55,54,44,34;36,26,16;42,52,62,72,73,74,75,76,86
10,0,81,8;47,48,38,28;63,53,43,33,34,35,25,15,5,4,3,2,1,0,10,20,30,40,50,60,70,80,90,91,92,93,94,95,96;13,12,11,21,31,41,51,61,71,81,82,83,84,85,86;67,77,87,97,98,99,89,79,69,59,49,39,29,19,9,8,7,6,16,26,36,46,45,44,54;14,24,23,22,32,42,52,62,72,73,74;88,78,68,58,57,56,55,65,64;37,27,17,18;75,76,66
10,0,82,10;43,42,32;24,25,26,27,37,47,57,67,77,87,86;95,94,93,83,73,63,53,54,44,45,35;70,80,90;75,76,66;36,46,56,55,65,64,74,84,85;92,82,72,62,52,51,41,31,21,11,1,2,3,4,5,6,7,8,9,19,29,39,49,59,69,79,89,99;22,23,33,34;0,10,20,30,40,50,60,61,71,81,91;12,13,14,15,16,17,18,28,38,48,58,68,78,88,98,97,96
10,0,83,9;47,37,27,26,25,35,45,55;77,76,66,65;53,43,33,23,13,12,11,10,0;42,52,62;96,97,98,99,89,79,69,59,49,39,29,19,9,8,7,6,5,4,3,2,1;36,46,56,57,67,68,78,88,87,86,85,95,94,93,92,91,90,80,70,60,50,40;58,48,38,28,18,17,16,15,14,24,34,44,54,64,63,73,72,71,61,51,41,31,30;75,74,84,83,82,81;20,21,22,32
10,0,84,10;96,97,87,88,78,68,58,48,38,28,18;42,32,33,34;2,1,0;71,61,51,41,31,21,22;90,80,70,60,50,40,30,20,10,11,12,13,23;24,14,4,3;91,92,93,94,95,85,86,76,77,67,57,47,37,27,17;98,99,89,79,69,59,49,39,29,19,9,8,7,6,5,15,25,35,45,55,54,64,63,73,72,82,81;44,43,53,52,62;16,26,36,46,56,66,65,75,74,84,83
10,0,85,9;90,91,92,93,94,95,96,97,98,99,89,79,69,59,49,39,29,28,18,17;55,45,35,25;5,6,7,8,9,19;53,54,44,34,24;27,37,47,57,67,77,76,75,74,73,72,71,61,51,41;2,3,4,14,15,16,26,36,46,56,66,65,64,63;32,31,30,40,50,60,70,80,81,82,83,84,85,86,87,88,78,68,58,48,38;62,52,42,43,33,23,13,12,11,1;0,10,20,21,22
10,0,86,9;14,13,23,33;37,38,39,49,59,69,79,89,99,98,97;4,3,2,1,11,21;27,28,29,19;91,92,93,94,95,96,86,87,88,78,68,58,48,47,46,56,66,65,64,74,73,72,71,70,60,50,40,30,20,10,0;61,62,63,53,54,55,45,35,36,26,16,17,18,8,9;52,51,41,31,32,22,12;7,6,5,15,25,24,34,44,43,42;90,80,81,82,83,84,85,75,76,77,67,57
10,0,87,8;81,82,83,84,85,86,87,77,67,57,47,48,38,28,18,17,16,26,25,35;42,52,62,63,64,65;55,54,53,43,33;27,37,36;23,22,32;76,66,56,46,45,44,34,24,14,15,5,6,7,8,9,19,29,39,49,59,69,79,89,99;4,3,2,1,0,10,20,30,40,50,60,70,80,90,91,92,93,94,95,96,97,98,88,78,68,58;13,12,11,21,31,41,51,61,71,72,73,74,75
10,0,88,10;5,15,25,26,27,28;68,67,66,65,64,63,62,72,82,83,84,85,86;90,80,70,60,50,40,30;38,37,36,35,34,24,14,4,3,2,1,0,10,20,21,22,32,42,52,53,54;57,56,55,45,44,43,33,23,13,12,11;98,99,89,79,78,77,76,75,74,73;31,41,51,61,71,81,91,92,93,94,95,96,97,87,88;46,47,48,58,59,69;6,7,8,9,19,29,39,49;16,17,18
10,0,89,10;72,73,74,75,76,66,56,57,58,59,49,39,29;42,52,53,54;30,20,10,0;46,47,48,38;9,19,18,28,27,37,36,35,34,24;62,63,64,65,55,45,44,43,33,23,22,21,11,1,2,3,4;99,89,79,69,68,67,77,87,86,85,84,83,82,81,71,61,51;78,88,98,97,96,95,94,93,92,91,90,80,70,60,50,40,41,31,32;25,26,16,17;8,7,6,5,15,14,13,12
10,0,90,12;51,50,60,70;23,13,12;27,37,47,57,56,55,54,53,52,62,61,71;91,92,93,94,95,96,97,98,99,89,79,69,59,49,39,29,19,9,8,7,6,5,4,3,2,1;83,84,74,75,76,77;31,32,33,34,35,25;0,10,20,30,40,41,42,43,44,45,46,36,26;85,86,87;48,38,28,18,17,16,15,14,24;88,78,68,58;67,66,65,64,63,73,72,82,81,80,90;11,21,22
