6,0,61,5;19,18,12,6,0,1,2,3,4,5,11,17,23;8,9,15,21,27,33,34,35;32,31,30;7,13,14,20,26,25,24;10,16,22,28,29
6,0,62,5;30,31,25;4,5,11,17,23,29,28,27,21,15,14,8,7,1,0;35,34,33,32,26,20,19,18,24;2,3,9,10,16,22;13,12,6
6,0,63,5;3,4,5,11,17,23,29,35,34,33,32,31,30,24;2,1,0,6,12,18;15,21,20,26;14,13,19,25;27,28,22,16,10,9,8,7
6,0,64,5;22,28,27,26;25,19,20,21;17,23,29,35,34,33,32,31,30,24,18;2,1,0,6,12,13,14,15,16,10,11;5,4,3,9,8,7
6,0,65,5;14,15,21,27;0,6,12,18,24,30;8,9,10,16,22,28;35,29,23,17,11,5,4,3,2,1,7,13,19,25,31;34,33,32,26,20
6,0,66,5;30,24,18,12,6,0,1,2,8,14;11,17,23,29,35,34;3,9,15,21,20,26,25,31;5,4,10,16,22,28,27,33,32;19,13,7
6,0,67,5;20,26,25;32,31,30,24,18,19,13,7,8,9,3,4,5,11,17,23,29,35;14,15,21,27,33;10,16,22,28,34;2,1,0,6,12
6,0,68,3;29,23,22,21,20,14;33,32,31,30,24,18,12,6,0,1,2,3,4,10;35,34,28,27,26,25,19,13,7,8,9,15,16,17,11,5
6,0,69,6;16,15,14;10,9,8,2,1;26,25,19,13,7,6,0;29,28,27;12,18,24,30,31,32,33,34,35;3,4,5,11,17,23,22,21,20
6,0,70,5;11,5,4,3,2;1,7,8,9,10;21,20,19,18,24,30,31,32,33,34,35,29,23;17,16,22,28,27,26,25;0,6,12,13,14,15
6,0,71,5;6,7,8,9,10,16,22,21,20,19;18,24,25,26,27,28,29;30,31,32,33,34,35;23,17,11,5,4,3,2,1,0;12,13,14,15
6,0,72,5;33,32,31,30,24,18,19,13,7,8;15,21,27;25,26,20,14;34,28,22,16,10,9,3,2,1,0,6,12;35,29,23,17,11,5,4
6,0,73,5;8,9,10,16,22,28;6,12,13,14,15,21,27,26,25,31;2,3,4,5,11,17,23,29,35,34,33,32;7,1,0;30,24,18,19,20
6,0,74,7;2,8,14,20,21,22,16,17,11;5,4,10;13,7,1;24,30,31;27,28,29,23;0,6,12,18,19,25,26,32,33,34,35;3,9,15
6,0,75,6;28,22,16,10;0,1,2,3,4,5,11,17,23,29,35,34;12,18,19,25;24,30,31;33,27,21,15,9,8,7,6;32,26,20,14,13
6,0,76,5;28,22,21;33,27,26;32,31,25,19,13,7,8,9,10,11,17,23,29,35,34;30,24,18,12,6,0,1,2,3,4,5;20,14,15,16
6,0,77,7;18,24,30,31,32,26,20,14,8,7;29,35,34;2,1,0,6;9,3,4,5;21,15,16,10;25,19,13,12;11,17,23,22,28,27,33
6,0,78,7;6,7,13,14;35,29,23,17;11,10,16,22,28,34,33,32,31,30;21,20,19,18,12;0,1,2,8,9,15;27,26,25,24;5,4,3
6,0,79,5;25,19,13,12;5,4,10,16,22,28,34,35;1,2,3,9,15,21,27,33;0,6,7,8,14,20,26,32,31,30,24,18;29,23,17,11
6,0,80,7;15,21,20;9,10,16,17,23,29,35,34,33,32,31;14,8,2;6,12,18,19;13,7,1,0;30,24,25,26,27,28,22;3,4,5,11
6,0,81,6;28,27,21,15,14;7,13,19,25;29,23,22;20,26,32,33,34,35;17,16,10,9,8;11,5,4,3,2,1,0,6,12,18,24,30,31
6,0,82,4;5,11,17,23,22,21,20,14,8,9;4,10,16,15;28,27,26,25,19,13,7;29,35,34,33,32,31,30,24,18,12,6,0,1,2,3
6,0,83,7;8,9,10;0,6,12;24,18,19;29,35,34,33,32;30,31,25,26;20,14,13,7,1,2,3,4,5,11,17,23,22,28,27;21,15,16
6,0,84,4;6,0,1,2,3,4,5,11,17,23,29,35,34,33;7,8,9,10,16,22,28,27,26;21,20,19,25,31,32;30,24,18,12,13,14,15
6,0,85,7;8,2,3,4,10;24,30,31;6,12,13,14,20,21,27,28,29,23,17,11,5;18,19,25,26,32;22,16,15,9;33,34,35;7,1,0
6,0,86,5;33,32,31,25,19,13,7,8,9,10,11,17,23;34,35,29;21,27,28;5,4,3,2,1,0,6,12,18,24,30;22,16,15,14,20,26
6,0,87,7;25,26,27;4,3,2;5,11,17,16,15;10,9,8,7,1,0;21,22,28;14,20,19,18,24,30,31,32,33,34,35,29,23;6,12,13
6,0,88,4;15,21,27,28;24,25,19,13,7,8,9,10,16,22;18,12,6,0,1,2,3,4,5,11,17,23,29,35,34,33;30,31,32,26,20,14
6,0,89,5;30,24,18,12,6,0,1;2,3,4,10,16,22,21,27,33,34,35;32,26,20,14,15;9,8,7,13,19,25,31;5,11,17,23,29,28
6,0,90,6;35,29,23,17;13,7,8,9,3,4,5;15,21,27,26,25,24;2,1,0,6;11,10,16,22,28,34,33,32,31,30;12,18,19,20,14
6,0,91,4;21,15,9,3;7,13,19,25;24,18,12,6,0,1,2,8,14,20,26,27,28,22,16,10,4;30,31,32,33,34,35,29,23,17,11,5
6,0,92,7;15,16,10;14,13,19,25;9,8,7;35,29,28;22,23,17,11,5,4,3,2,1,0,6;20,21,27,33,34;12,18,24,30,31,32,26
6,0,93,7;4,10,9;3,2,1;12,18,24,30,31,32;28,22,23,17,11,5;26,25,19,13;0,6,7,8,14,15,16;20,21,27,33,34,35,29
6,0,94,5;34,33,32,31,30,24,18,12,6,0,1,2,3;7,8,9,10;19,20,21,22,23;4,5,11,17,16,15,14,13;25,26,27,28,29,35
6,0,95,6;7,6,0;18,12,13,14,8,2,1;9,10,11,17,23,29,35,34,33,32,31;3,4,5;30,24,25,19,20,21,15,16;22,28,27,26
6,0,96,5;11,10,16,15;19,25,26,27,28,29;35,34,33,32,31,30,24,18;2,1,0,6,12,13,14,20,21,22,23,17;5,4,3,9,8,7
6,0,97,6;7,13,14,20,21,22,23,29;19,18,12,6,0,1,2,8,9,15;35,34,28,27,26,25,24,30;3,4,10,16;5,11,17;31,32,33
6,0,98,4;10,16,22,28,27,26,25,19,13,7,6,0;1,2,8,14;12,18,24,30,31,32,33,34,35,29,23,17,11;5,4,3,9,15,21,20
6,0,99,5;15,21,20,19,13;7,8,14;2,3,9,10,16,22,28,27,26,25,24,18,12;4,5,11,17,23,29,35,34,33,32,31,30;6,0,1
6,0,100,6;3,2,8,14;31,32,26,20,21,15,9;25,19,13,7;5,4,10,16,22,28,27;1,0,6,12,18,24,30;11,17,23,29,35,34,33
6,0,101,6;6,12,13,14,20,21,27,28;24,30,31;18,19,25,26,32,33,34,35,29,23,22;10,4,3,2;16,17,11,5;15,9,8,7,1,0
6,0,102,5;30,24,25,26,27,21;35,29,23,22,16,10,9,8,7;17,11,5,4,3,2,1,0,6,12,13,14,15;28,34,33,32,31;18,19,20
6,0,103,5;30,31,25,26,20,21,22,28;7,8,9,10,16;27,33,32;24,18,19;15,14,13,12,6,0,1,2,3,4,5,11,17,23,29,35,34
6,0,104,4;21,20,14,8,2,3,4,5,11;17,16,22,28,27,26,25,19,13,7,1;10,9,15;23,29,35,34,33,32,31,30,24,18,12,6,0
6,0,105,6;11,17,23,29,35,34;8,7,13,19,18,24;12,6,0,1,2,3;16,22,28;30,31,25,26,20,14,15,9,10,4,5;32,33,27,21
6,0,106,6;19,20,21,22,23,29,35,34;25,26,27,28;17,16,15,14;5,11,10,9,8,7,13;18,24,30,31,32,33;4,3,2,1,0,6,12
6,0,107,6;12,6,0,1,2;14,20,19,18;24,25,26,27,21,22,16,10;35,29,23,17,11,5,4,3,9,15;8,7,13;30,31,32,33,34,28
6,0,108,5;6,12,18;21,15,9,10;31,32,33,34,35,29,23,17,11,5,4,3,2,1,0;16,22,28,27,26,20,14;8,7,13,19,25,24,30
6,0,109,6;27,33,34;7,8,14,15,16,10,4,5;13,19,25,31;9,3,2,1,0,6,12,18,24,30;23,17,11;32,26,20,21,22,28,29,35
6,0,110,5;12,18,24,25,26,27,21,15,9,10,11,17,23,29,35;30,31,32,33,34,28,22,16;19,20,14,8;5,4,3,2,1;13,7,6,0
6,0,111,4;27,26,25,19,13,14,15,16,10;34,28,22,21,20;33,32,31,30,24,18,12,6,0,1,2;7,8,9,3,4,5,11,17,23,29,35
6,0,112,6;5,4,3,2,1;33,27,28,22,16,15,14,8;9,10,11,17,23,29,35,34;32,26,20,21;0,6,7,13,19,25;12,18,24,30,31
6,0,113,5;28,22,16,10;4,5,11,17,23,29,35,34,33,27,26,20,14,8;21,15,9,3,2;32,31,30,24,18,12,6,0,1;25,19,13,7
6,0,114,6;5,4,10,9,8,7,13;35,29,23;1,2,3;30,24,25,26,27,21;31,32,33,34,28,22;11,17,16,15,14,20,19,18,12,6,0
6,0,115,7;22,28,27;16,10,11,5;30,24,18,12,6,0,1,2,3,4;17,23,29,35,34,33,32,26;21,20,14;31,25,19,13,7;15,9,8
6,0,116,4;0,1,7;24,30,31,32,33,34,35,29,23,17,11,5,4,3,2,8,14,13,12,6;25,26,27,28,22,16;18,19,20,21,15,9,10
6,0,117,5;20,21,22,28;32,31,30,24,18,12,6,7,8,9,10,16,17,23,29;35,34,33,27,26,25,19;0,1,2,3,4,5,11;13,14,15
6,0,118,6;33,27,28,22,23,17,11,5;12,18,24,30;9,8,14,20,26,32;29,35,34;21,15,16,10,4,3,2,1,0,6;31,25,19,13,7
6,0,119,5;29,35,34,33,32,31,30,24,18,12,13;16,15,9;10,4,3,2,1;5,11,17,23,22,28,27,26,25,19;0,6,7,8,14,20,21
6,0,120,5;0,1,2,8,9,15,21,27;14,13,19,25,31,30;3,4,10,16,22,28,34,33,32,26,20;24,18,12,6,7;35,29,23,17,11,5
6,0,1,6;4,3,9,15,21,20;0,6,12,18,24;32,33,34,35,29,23,17,11,5;1,7,13,19,25,31,30;26,27,28,22,16,10;2,8,14
6,0,2,6;25,19,13,7,8,9,15;17,11,5;2,3,4,10,16,22,23;26,20,14;1,0,6,12,18,24,30,31,32,33,34,35,29;21,27,28
6,0,3,4;15,9,3,4,5,11,17,23,29,35,34,33;10,16,22,28;32,31,30,24,18,12,6,0,1,2,8,14,20,21,27;26,25,19,13,7
6,0,4,4;27,28,22,16,10,9,8,7,6,12,18;21,15,14,13,19;25,26,20;24,30,31,32,33,34,35,29,23,17,11,5,4,3,2,1,0
6,0,5,4;15,14,13,19,18,24,30,31,32,33,27,28;34,35,29,23,17,11,5,4,3,2,1,0;25,26,20,21,22;16,10,9,8,7,6,12
6,0,6,6;3,4,10,16;5,11,17;20,14,8,2,1,0,6,12,18,24,30;9,15,21;23,29,35,34,33,32,31,25,19,13,7;22,28,27,26
6,0,7,5;24,30,31,32,33,34,35,29,23,17;28,22,16,10,9,8;2,1,0,6,12,18,19,25,26,27,21,15;11,5,4,3;7,13,14,20
6,0,8,5;8,7,13,19,25;21,27,33,34,35,29,23,17,11,5;4,10,16,22,28;20,26,32;31,30,24,18,12,6,0,1,2,3,9,15,14
6,0,9,6;17,16,15,14,13,7,6,0;1,2,3,4,5;29,28,27,26,25;23,22,21,20,19;35,34,33,32,31,30,24,18,12;8,9,10,11
6,0,10,5;11,5,4,3,2,1,0;20,21,27,33,34,35,29,23,17;28,22,16,10;25,19,13,14,15;9,8,7,6,12,18,24,30,31,32,26
6,0,11,5;22,21,20,19,18,12,6,0,1,2,3,4,5,11;24,30,31,32,33,34,35,29,23;7,13,14,15,16,17;28,27,26,25;10,9,8
6,0,12,4;8,9,10,16,22,28,27,26,25,24,30;1,0,6,12,18,19,20,21;7,13,14,15;31,32,33,34,35,29,23,17,11,5,4,3,2
6,0,13,5;8,9,3,4,5,11,17;28,27,21,15,14,13,7;2,1,0,6,12;24,18,19,20,26,32,33,34,35,29,23,22,16,10;30,31,25
6,0,14,5;33,27,21;8,7,13,19,25,31;10,16,22,28,34,35;30,24,18,12,6,0,1,2,3,9,15,14,20,26,32;29,23,17,11,5,4
6,0,15,6;12,18,24,30;15,21,22,28;6,7,13;33,34,35,29,23,17,11,5,4,3,2,1,0;32,26,27;31,25,19,20,14,8,9,10,16
6,0,16,6;25,26,27,21;15,14,20,19;30,31,32,33,34,35,29,23,17,11,5,4,3;10,9,8,7,13,12,18,24;28,22,16;2,1,0,6
6,0,17,6;5,4,3,2,8,7;24,30,31,32,33,27,21,15;34,35,29,23,17,11,10,9;1,0,6,12,18,19,25,26;28,22,16;13,14,20
6,0,18,5;15,14,13;7,8,9,10,16,22,21,20,19,25,31,32;28,27,26;11,17,23,29,35,34,33;30,24,18,12,6,0,1,2,3,4,5
6,0,19,5;11,10,9,15;0,6,12,18,24,30,31,32,33,34,35,29,23,17,16;5,4,3,2,8,14;28,27,26,25;22,21,20,19,13,7,1
6,0,20,4;27,28,22;21,15,14,13,19,25;0,1,2,3,4,5,11,17,23,29,35,34,33;16,10,9,8,7,6,12,18,24,30,31,32,26,20
6,0,21,6;13,14,8,2,1;5,11,17,23,29,35,34,33,32,31;0,6,7;21,20,19,18,12;15,9,3;4,10,16,22,28,27,26,25,24,30
6,0,22,5;5,11,17,23,29,35,34,33,32,31,30,24;13,14,20;27,28,22,16,10,4,3,2,1,0;6,7,8,9,15,21;12,18,19,25,26
6,0,23,4;20,21,22,23,17;5,4,3,2,1,0,6,12,18,24,30,31,32,33,34,35;29,28,27,26,25,19,13,7,8,9,10,11;14,15,16
6,0,24,6;2,3,4,10,16,22,21,27;8,7,1,0;25,26,20;28,34,33,32,31,30,24,18,19;9,15,14,13,12,6;5,11,17,23,29,35
6,0,25,6;31,25,19,13,7,8,9,10,11;1,0,6,12,18,24,30;15,16,17;21,27,28;5,4,3,2;22,23,29,35,34,33,32,26,20,14
6,0,26,5;33,34,35,29,23,17,11,5,4,3,2,1,0;6,7,8,9,10,16,22,28,27;30,24,25,19,20,21;31,32,26;15,14,13,12,18
6,0,27,5;28,22,21,15,9,10;33,27,26,20,14,8,2,3,4,5,11;16,17,23,29,35,34;32,31,30,24,18,12,6;25,19,13,7,1,0
6,0,28,4;31,32,33,34,35,29,23,17,11,5,4,3,2,1;25,26,27,28;30,24,18,19,20,21,22,16,10,9,8,7;0,6,12,13,14,15
6,0,29,6;12,13,7;15,21,27,26,32,31,30,24,18;6,0,1,2,3,4,5,11,17,23;25,19,20,14,8;9,10,16,22,28;29,35,34,33
6,0,30,5;6,0,1,2,3,4,5,11,17,23;9,10,16,22,28;29,35,34,33,27,21,15,14,8,7;25,24,18,12,13;30,31,32,26,20,19

